1 0.206522 0.419444 0.065217 0.127778
1 0.158696 0.811111 0.065217 0.122222
2 0.182609 0.613889 0.034783 0.083333
0 0.239130 0.191667 0.052174 0.072222
0 0.321739 0.558333 0.043478 0.061111
0 0.491304 0.555556 0.043478 0.055556
0 0.658696 0.558333 0.047826 0.061111
0 0.832609 0.558333 0.047826 0.061111
1 0.834783 0.811111 0.060870 0.122222
0 0.313043 0.247222 0.052174 0.061111
0 0.315217 0.097222 0.056522 0.072222
0 0.482609 0.100000 0.052174 0.077778
0 0.721739 0.097222 0.060870 0.072222
0 0.721739 0.252778 0.052174 0.072222
0 0.547826 0.097222 0.052174 0.072222
