0 0.157767 0.592857 0.072816 0.242857
0 0.242718 0.342857 0.077670 0.257143
0 0.242718 0.778571 0.077670 0.242857
0 0.453883 0.335714 0.072816 0.242857
0 0.538835 0.342857 0.067961 0.228571
0 0.750000 0.350000 0.072816 0.242857
0 0.745146 0.771429 0.072816 0.228571
3 0.084951 0.464286 0.024272 0.900000
3 0.041262 0.528571 0.072816 0.085714
3 0.041262 0.857143 0.072816 0.085714
3 0.199029 0.221429 0.019417 0.414286
3 0.356796 0.421429 0.140777 0.071429
3 0.361650 0.621429 0.033981 0.471429
3 0.497573 0.764286 0.266990 0.071429
3 0.536408 0.864286 0.354369 0.100000
3 0.798544 0.457143 0.033981 0.885714
3 0.864078 0.850000 0.126214 0.100000
