2 0.412594 0.468354 0.114662 0.050633
1 0.184211 0.431962 0.101504 0.104430
0 0.283835 0.572785 0.056391 0.082278
0 0.350564 0.693038 0.058271 0.101266
0 0.896617 0.697785 0.052632 0.098101
2 0.640038 0.305380 0.028195 0.167722
2 0.870301 0.299051 0.030075 0.161392
1 0.754699 0.417722 0.099624 0.101266
1 0.754699 0.120253 0.099624 0.094937
3 0.251880 0.495253 0.030075 0.104430
3 0.477444 0.460443 0.473684 0.047468
3 0.899436 0.462025 0.201128 0.044304
3 0.668233 0.164557 0.088346 0.044304
3 0.838346 0.161392 0.086466 0.056962
3 0.640038 0.188291 0.035714 0.091772
3 0.872180 0.181962 0.030075 0.085443
3 0.640038 0.414557 0.035714 0.082278
3 0.869361 0.409810 0.035714 0.079114
3 0.252820 0.700949 0.024436 0.193038
3 0.293233 0.647152 0.071429 0.022152
3 0.404135 0.643987 0.067669 0.022152
3 0.431391 0.713608 0.013158 0.161392
