1 0.288321 0.331395 0.102190 0.139535
1 0.082117 0.354651 0.091241 0.174419
1 0.826642 0.508721 0.076642 0.156977
3 0.556569 0.473837 0.463504 0.389535
3 0.135036 0.188953 0.262774 0.250000
3 0.868613 0.197674 0.175182 0.383721
3 0.883212 0.424419 0.175182 0.127907
3 0.706204 0.636628 0.054745 0.110465
3 0.729927 0.720930 0.116788 0.093023
3 0.799270 0.700581 0.036496 0.110465
3 0.645985 0.857558 0.043796 0.110465
3 0.724453 0.880814 0.156934 0.145349
3 0.824818 0.953488 0.065693 0.093023
3 0.919708 0.895349 0.131387 0.209302
3 0.914234 0.639535 0.105839 0.337209
3 0.029197 0.508721 0.051095 0.226744
3 0.253650 0.787791 0.127737 0.424419
