0 0.636218 0.508824 0.089744 0.158824
0 0.396635 0.505882 0.091346 0.158824
0 0.089744 0.450000 0.089744 0.158824
3 0.225962 0.539706 0.205128 0.050000
3 0.029647 0.294118 0.020833 0.535294
3 0.232372 0.022059 0.461538 0.026471
3 0.333333 0.325000 0.022436 0.597059
3 0.613782 0.280882 0.557692 0.038235
3 0.834936 0.597059 0.330128 0.047059
3 0.517628 0.598529 0.176282 0.055882
3 0.562500 0.438235 0.022436 0.288235
3 0.554487 0.139706 0.019231 0.273529
3 0.849359 0.332353 0.019231 0.082353
3 0.884615 0.329412 0.016026 0.082353
3 0.866987 0.377941 0.060897 0.032353
