1 0.24339263963381658 0.699007574136375 0.11608368479281472 0.15010717560519227
1 0.4191573111404828 0.976309652932552 0.11309726597906322 0.047380694134895984
2 0.3305286394399045 0.8613214740073926 0.0700737168888596 0.09109434959121576
0 0.1446600311923994 0.5048363255454748 0.0767416519952625 0.09828101345479423
0 0.40178993677658403 0.6988407177995981 0.06444887085626244 0.0825735931132181
0 0.5235415570640907 0.5480112127871212 0.061462989554896486 0.07853607332392798
0 0.6466991277108516 0.40312553661677886 0.06760911136820369 0.08638942008159362
0 0.7731036604047897 0.2504986011174491 0.0676091113682038 0.08638942008159364
1 0.9105550864387439 0.432316372115205 0.10993775229336666 0.14225397962638037
0 0.22824343999225455 0.48034873192251254 0.07076935188014499 0.09020524704996913
0 0.1491967024255605 0.3694168817338189 0.07990189250720378 0.10209684042316969
0 0.27235481058470706 0.22453193238972144 0.07972807080901412 0.10231926007032915
0 0.4446675610721543 0.0328037177840301 0.08306213301914495 0.0656074355680602
0 0.5282808377085706 0.12571328519232816 0.07674165199526245 0.09828101345479423
0 0.3182630283782163 0.16527803737161725 0.07674165199526256 0.09828101345479424
