2 0.2729667451291706 0.9849828342238199 0.06530743888407395 0.030034331552360127
2 0.02960646177794815 0.3158282118428798 0.0592129235558963 0.0442666251283767
1 0.4117693610677108 0.9632728435990724 0.09471199151804593 0.07345431280185521
1 0.4099164012368274 0.3342155406069469 0.09303041274631602 0.12199615803932495
1 0.4436481068930055 0.12589125483188787 0.1063035300555834 0.08910811989353523
1 0.5540350302117187 0.08189859800027774 0.10715207034424179 0.0914366314195893
1 0.6668249536066729 0.04283168008142563 0.11223961904983848 0.08566336016285125
1 0.17977870980474359 0.2796856288308034 0.11337228543855882 0.09784264678954463
0 0.18275393269486775 0.8790117039618592 0.07153366155664004 0.07366922170466061
0 0.11853760827368737 0.7098714185872554 0.06701087840207819 0.07192119357378035
0 0.059974432331541344 0.5385473257578473 0.07379459858285015 0.07454306008888156
0 0.01632747632535758 0.3696979398555333 0.03265495265071516 0.07046555624497997
