1 0.7432050984735605 0.2751868446542473 0.11795547302157905 0.14742391994616952
1 0.5473883778162458 0.019789475048555938 0.11472380764894535 0.039578950097111876
2 0.6461043636614442 0.12238518469012868 0.07174223630052934 0.08878590200079478
0 0.8538761688699725 0.45854647071709737 0.07691481632876374 0.09786795422940575
0 0.5853347197264396 0.2916827681235714 0.06463406815503125 0.08217584590716687
0 0.4735036719683018 0.45457226964623465 0.0614029844356323 0.07845931130518397
0 0.3598959528712924 0.6116822627658344 0.06754306769588125 0.08630503094473707
0 0.24354065453922263 0.7768430165466428 0.06754306769588114 0.08630503094473707
1 0.09505701337865918 0.6097882240753243 0.11181547715122808 0.13957848093805547
0 0.772111438344758 0.49157107609658446 0.07045206723673125 0.09043421598230744
0 0.857904923796626 0.5939921385158973 0.07982381586961362 0.10199713926697607
0 0.7442966230463817 0.7511014625923642 0.0801464817013976 0.10158515787452138
0 0.5859241714172774 0.963496291291648 0.08273281541046373 0.07300741741670391
0 0.4954445208223508 0.8759820711899262 0.07691481632876385 0.09786795422940575
0 0.7022794697493471 0.8148949909547608 0.07691481632876374 0.09786795422940586
