1 0.0697669000632504 0.6823103558497 0.09714801378081744 0.1749412760597473
1 0.7768534708971868 0.6711243208607915 0.13123542132008503 0.16128071198828375
1 0.8346940576296262 0.2693701895371961 0.1206856805100498 0.2157101874203173
0 0.1652994544339157 0.2765816152014111 0.08657086319649936 0.14178445306442994
0 0.3550342035231199 0.16741444344635278 0.08357655153328053 0.12992139998017388
0 0.5460644932033099 0.06183191803318916 0.08198210038861364 0.12366383606637832
0 0.7322087404057047 0.0030668673643148014 0.07898778872539491 0.006133734728629603
2 0.034410738601568625 0.4419963427446151 0.052469632995087896 0.11165140131377393
2 0.7957401341166216 0.027839917355317267 0.05605920166500877 0.055679834710634535
0 0.9806633528175365 0.6897115428771498 0.03867329436492706 0.11653570998069096
