2 0.990339511776685 0.3218376081427375 0.01932097644663 0.12284152758830114
2 0.8238945744735882 0.8609505868833411 0.10989036881152348 0.10743525682939448
2 0.7712342498812006 0.189550124388646 0.05960224732804709 0.048219031287945024
0 0.7645267617574336 0.24271967091532773 0.062024133880918986 0.04608555315624713
0 0.9050343888811161 0.40496496188164516 0.057179101869016424 0.05035150322806936
0 0.9225197113199199 0.5701902099337537 0.05717910186901676 0.05035150322806936
0 0.6880193539719478 0.28635646854886865 0.07677625474920924 0.05267568328749639
1 0.8403236752750318 0.7348886789303788 0.0863065469417389 0.061068081342320446
1 0.630845531326675 0.6322340351487378 0.10310362422519814 0.06306017847589573
1 0.5718364744891586 0.2725774296552328 0.05233420333095906 0.054618326017620344
0 0.5244326578720522 0.26570081027352577 0.046358113958258285 0.051488866056057125
0 0.3870641226418523 0.25066382729052505 0.05793322909211224 0.05528235839547885
0 0.27890328090540195 0.2403463312843041 0.05438015170459698 0.050019553776062514
0 0.16184386414123766 0.4373049816242631 0.05308833055405454 0.05954918118502972
0 0.1452209250423297 0.6298605620438693 0.07155429259960401 0.05447707849334271
0 0.043222049851358774 0.822884472520129 0.08644409970271755 0.06732700126544688
1 0.19428964557291706 0.7097253301745856 0.08410096021067107 0.08259202450007586
1 0.5222839055481787 0.5779436643812219 0.05233420333095917 0.0546183260176204
