1 0.06168742516057754 0.3699685770674752 0.07563455736150598 0.15732708096620657
1 0.697592281389646 0.841741980367448 0.11999236986948358 0.12201652153367615
1 0.8669826904741105 0.5217034519063022 0.0943437596738278 0.1934949767451417
0 0.2659646203346311 0.07205582490267415 0.0707500615176993 0.12317945620059989
0 0.46768606641590654 0.10366204925758814 0.06995536224887766 0.11052539019917704
0 0.6707891242742985 0.13547117978135062 0.06745490169586033 0.11433896799526505
0 0.8700101098025569 0.16245560155978675 0.06666020242703863 0.10168490199384211
2 0.1004223890539373 0.13086963093274404 0.03677427492780849 0.10567647792330731
2 0.9118513537873737 0.25157635932705696 0.03980349787368209 0.11029813503096209
0 0.8920862430390462 0.9809504486517532 0.0663953235093232 0.038099102696493636
