2 0.0266297644377686 0.5690091131558446 0.0532595288755372 0.11892628597438648
1 0.09724933346320597 0.23577134676300146 0.13292933114112793 0.11453680045638354
1 0.480402689604845 0.9143128688080681 0.1277268097285429 0.1115843763575215
0 0.3878022128286371 0.2925804694035713 0.07947144061955602 0.07827542899211853
0 0.4837506416225381 0.4609760370722906 0.07773726681536092 0.07729128762583115
0 0.5819233466210452 0.6292580046955445 0.08045164542037819 0.08001651163376222
0 0.6761380936814343 0.7986385877680218 0.08414622882621758 0.08448281828333715
1 0.43545202460399596 0.11506069017542503 0.12576640012689844 0.10810221107423379
0 0.6294918287169611 0.04514809108035231 0.08316602402539541 0.08274173564169335
0 0.7408949614920758 0.07841671073222561 0.0833922598228447 0.08523975955869367
0 0.8382005795884855 0.24719074903862323 0.07894370741363255 0.08153039418447522
0 0.8765421767899594 0.31732699942499054 0.08067788121782749 0.0825145355507626
0 0.8524561206633997 0.5549918074089737 0.08165808601864977 0.08425561819240635
0 0.9639083612675711 0.4867075824974679 0.07218327746485786 0.08546695964962475
0 0.622104055904716 0.14583039432290956 0.07969767641700531 0.08077345290911864
