0 0.5266895514467664 0.35289408254656374 0.047862142120541074 0.07093992219160844
0 0.60385833583694 0.38529521777140807 0.0481392043866008 0.06492114238683883
0 0.565935099062963 0.37231665478389847 0.04622288485123638 0.07032746785758537
0 0.659288850134875 0.45479497223472953 0.05532627150959668 0.07780988099740499
0 0.782868664412013 0.4545569179918062 0.05068556196774199 0.06995373819056622
0 0.710688467715974 0.4751879057788643 0.05323308121566739 0.07498765775184996
1 0.08495025236451137 0.7292950004027563 0.0650383093261916 0.13245610498315663
0 0.41249763823851343 0.7326738703215752 0.06816037629168037 0.08872721530798522
0 0.8447255116673084 0.8965419424033676 0.06397476144123426 0.08308216517023481
0 0.7220314108144645 0.8495111423758137 0.06442869446585886 0.08529193408176672
