0 0.46780588178914495 0.6450883503269706 0.04945701780486034 0.07250922889555123
0 0.39195665986672223 0.6074442657226349 0.04946097500185043 0.0667037626202065
0 0.42934228697877447 0.6230031822952962 0.04784293622399838 0.07178530342609257
0 0.3392145423205238 0.534238126326768 0.05698573348408098 0.07975711671456392
0 0.21578519889481879 0.5260127549813252 0.052147445938485415 0.07177987403084318
0 0.28864909505748826 0.5103515015084035 0.05483509977239254 0.0768573599312215
1 0.9231479553809645 0.2994246792795391 0.06878896510932375 0.13344320761584022
0 0.5961503741171283 0.27361873550188354 0.06989158222925773 0.09135270998108164
0 0.1706502795300789 0.08036180634340018 0.06559102971176084 0.08555267310098613
0 0.2914152313936334 0.13573439254455896 0.06612758184258738 0.08772850441486997
