2 0.010289795735315937 0.6821884965799414 0.020579591470631875 0.12251755384228247
2 0.1725005024825269 0.141580703480577 0.10903562460908502 0.10680559310182025
2 0.23188772026624732 0.8125457538698926 0.05924311371068533 0.04785356979498656
0 0.2380620686073812 0.7593261490606515 0.061692941956039415 0.04569549151872776
0 0.09593385063613685 0.5981791692733103 0.05679203401709 0.05001064962812796
0 0.07679328023806187 0.4330962479226477 0.05679203401708998 0.05001064962812796
0 0.31412915778308265 0.7150964532560282 0.07641171718196327 0.05218243468819461
1 0.1573354656402568 0.26776538494286717 0.08587749412123367 0.06051802139409987
1 0.3678342818704464 0.3687880156650125 0.10269388252275752 0.062379497993278576
1 0.43044560939064785 0.7279720093859854 0.05189125080019075 0.05432668145859554
0 0.4779164990231838 0.734479949591698 0.045933448207878425 0.0512379272437723
0 0.6154303887121739 0.7484487508651514 0.057496713600698635 0.0549471736583218
0 0.723690422547686 0.7579252443193971 0.053989865979931606 0.04970046588929
0 0.8387713112363235 0.5600645063745056 0.05259593038379928 0.05926320548878916
0 0.8534637625369421 0.3673872356458083 0.07115859417325954 0.05403020450356555
0 0.9552673322125924 0.1735322210704961 0.08946533557481517 0.06669552982374605
1 0.8035965282696493 0.28790692853460886 0.08344296472491441 0.08211101360917811
1 0.4769357913366907 0.4222325565109556 0.051891250800190636 0.05432668145859548
