0 0.9373246877998322 0.6798947941743541 0.10038798087986622 0.11533939065279386
0 0.7694154798946891 0.5164808077021685 0.1025892258886073 0.11782491267464407
0 0.6268790620244612 0.3169604077812478 0.10255107195697555 0.11786820751346733
0 0.5068106847608205 0.17659140525928474 0.10471416303408498 0.12039702437414072
0 0.4537358677083687 0.7013975254332204 0.08509232573990205 0.09780921308715729
0 0.6110557465572428 0.9612078683691214 0.07643926049462857 0.07758426326175727
0 0.5764992344315603 0.9182732846682693 0.07647671348942353 0.08764901190942487
0 0.35359378457359836 0.6677992904521535 0.07199861654551509 0.08276537699147857
0 0.5056379859615406 0.7646044940117228 0.08953296968901531 0.10273696229203444
0 0.5364567442760569 0.8739914875390464 0.07860235157173773 0.09022194305702913
