0 0.8564155937799176 0.8422529634412407 0.09391860121990203 0.10790681814756087
0 0.7479109360806062 0.6222990101549688 0.0967312139175105 0.10936676445269511
0 0.6740659946568895 0.3785181862972349 0.09518915798742755 0.11113798159552413
0 0.6035402128659761 0.19916348599076292 0.09645971475495274 0.11436914504348744
0 0.396081148214624 0.6706778619417173 0.07885565669412287 0.09237144850442502
0 0.46417254451094303 0.9709636198724401 0.07377301790763607 0.05807276025511976
0 0.4461546312899516 0.9229070927925618 0.07531466212133281 0.07767348349103365
0 0.31218467539110134 0.599434866182678 0.06660573658233737 0.07829707220577775
0 0.4258075998340477 0.7505818099629307 0.08602293801942157 0.09352012397186438
0 0.42187421621561594 0.8654681592833394 0.0750435746751612 0.08267691112118047
