2 0.249292275593798 0.06938784609274418 0.10149056667788087 0.11434607533338625
1 0.5902099239189673 0.04365824617036218 0.13145961482054203 0.08731649234072436
1 0.11089861048579 0.6393871355808749 0.12676118522178298 0.1198658066324344
0 0.648391654350551 0.3169275629342643 0.081452652008284 0.08110553400570497
0 0.5297667795062833 0.4700690117159734 0.07988650880869763 0.07986959962340795
0 0.41209255253921795 0.6252325861869098 0.08268364265305195 0.08267791661956525
0 0.29190091652817274 0.7771388899350236 0.0867117671421741 0.08705861622958311
1 0.8300390138905528 0.29365269068716987 0.12429920393224703 0.11672104140471362
0 0.9627511388745152 0.44723548277273223 0.07449772225096951 0.08548623361572272
0 0.9683904666199303 0.5633316843866019 0.06321906676013933 0.08739506446114642
0 0.8615119419666799 0.7178772916663897 0.082013337543415 0.08335081308269188
0 0.8114886266089791 0.7801554183783574 0.08357948074300137 0.08458674746498895
0 0.5834006861038832 0.84818640824605 0.08481047138776932 0.08615913007884934
0 0.6912969905979339 0.9320617221264713 0.08827791034176058 0.0882945506118803
0 0.8726884313618716 0.4786701791992504 0.08234849009823342 0.08301436485112845
