1 0.545385280962392 0.9557096006091379 0.07911461472355863 0.08858079878172431
1 0.5893309158798483 0.864257425754055 0.08092467844082674 0.11973717149572505
1 0.6307771423413124 0.7572259025489474 0.08092467844082663 0.11973717149572505
1 0.5475760120644089 0.2860205956862173 0.09743676793245482 0.09372859618198065
1 0.5994923179386618 0.1573116734912505 0.09562670421518671 0.09591849370738109
1 0.39516162914289193 0.19722940194593375 0.08903326213422369 0.0857575300845459
1 0.46926808289200694 0.24169067640277078 0.0874393383618442 0.08164135103048337
1 0.5203872515309202 0.1150402965598138 0.09403242974450743 0.09180140900336167
1 0.440376700439566 0.0697465273439907 0.09062718590660312 0.08987370913860832
0 0.03157835189696612 0.6162671935065929 0.06315670379393223 0.08076075023071594
0 0.24218055913172198 0.8710059774999765 0.06338976345315339 0.07445467365125336
