2 0.088804220466909 0.15221864896295817 0.037697993561765175 0.06294814417255877
2 0.7887480773557367 0.07345228048538663 0.03049761183997146 0.06211211145062163
1 0.08289773838819198 0.2980975324546611 0.0596065179097046 0.08989710801882661
1 0.6781068160471901 0.4505318659513008 0.10997644726024314 0.07378126932937351
1 0.8660261653037016 0.5351034434682648 0.06788932871037068 0.10062049902558973
1 0.8804866971289149 0.6560876831761128 0.07028912471618531 0.10089913814006368
1 0.8914822601379593 0.7787251137522698 0.06630140890713132 0.10775787547691018
1 0.7856656337504102 0.23402282415783363 0.07563092497160062 0.10640021088993973
0 0.22061205863810635 0.09060294539878697 0.061430369265364604 0.0632637694908435
0 0.39556040013417715 0.06778702445363605 0.06088915472592843 0.058320090348430664
0 0.5711841845100615 0.051150072536753875 0.06170092214166156 0.06573511220987487
0 0.7452026840273468 0.030944871557128887 0.05875891789206067 0.06051267857447263
