0 0.9164111027428743 0.6313653576502205 0.08250450208121729 0.1571720880183728
0 0.7398577395217862 0.5882143322295972 0.07419142147055091 0.15169509820858618
0 0.41266942890532 0.2151428062668764 0.08035692364993374 0.16718114161572944
0 0.8430384387417764 0.24585029830661922 0.07827817759386602 0.16581158061909856
0 0.4895750346058272 0.7249683171400654 0.06393916316785325 0.12209257239093052
0 0.6275547878676688 0.5379098742594812 0.060452226820241095 0.12360294305118641
0 0.5766388347892426 0.5714553394397797 0.05837443257097574 0.12223400914292404
0 0.5278016277668843 0.603631243623447 0.05763504443123685 0.1293631310833938
0 0.6781001700698666 0.5092996340378182 0.05629568651490813 0.12086444814629321
0 0.05364056761616878 0.49155375670945267 0.08430491321512862 0.20405327431904635
2 0.17048174346348785 0.875516251838823 0.14235595731895317 0.24896749632235404
