1 0.8318508949963961 0.7552740769775956 0.07990620069176335 0.12195721927639169
1 0.7901531692311448 0.645855040228625 0.08165237372430167 0.11984456519935338
1 0.7475815466440137 0.5394712100576928 0.08165237372430167 0.11984456519935338
1 0.3926413747235825 0.320426953820124 0.09748230198824603 0.09463336139217032
1 0.34275654907712816 0.19054886499786847 0.09573612895570777 0.09674601546920875
1 0.23953822026987842 0.40746858575179645 0.08907672378078846 0.08658253166119473
1 0.3148073199643144 0.36596057060927945 0.08743951993706844 0.08249126134822932
1 0.265741276350154 0.2381285670282497 0.09409856489112006 0.09265384498675733
1 0.18621490295758003 0.28465220532370383 0.09071392762450836 0.09067380197416025
0 0.27926200899732534 0.9861901531571993 0.06353236115022537 0.027619693685601576
0 0.5755867043333736 0.9692336676354577 0.06364133033904384 0.061532664729084585
2 0.9739456234369155 0.7445877279875033 0.05210875312616903 0.07417520948837131
