1 0.29933513445369075 0.01841885304957236 0.10770174717988973 0.03683770609914472
1 0.22611805660299614 0.12068231438210157 0.11320755310027181 0.17605516191737677
0 0.22194398628834097 0.6871326064911938 0.06540294106931915 0.10914534555991373
0 0.5099829770576167 0.9658874501147043 0.07213637698823838 0.06822509977059144
0 0.3968145618975086 0.7739184700714183 0.05011199492656793 0.08456413819198816
0 0.3618259025932209 0.730356029845554 0.04888436492803061 0.08303568413018292
0 0.29077944145284307 0.6434967365454967 0.04920053696418264 0.0825055094697843
0 0.32683724328893327 0.6867935896196896 0.050111994926567816 0.08456413819198816
0 0.41628650313146287 0.368627526609159 0.07431252309523195 0.11931434933215163
0 0.4128158909931626 0.49045210482773016 0.05070763633562564 0.08715374447190788
0 0.5949308172728898 0.5974345286395397 0.07304783495062361 0.12143504797374571
0 0.6282347222175767 0.7458844125653374 0.07031346106346814 0.11525916180713447
0 0.10061239030424746 0.29016494091780265 0.07459163698531301 0.12243332737515239
0 0.7797976525815958 0.8100380880439622 0.07273166291447164 0.121965222634144
0 0.6130054381937429 0.34369494292634234 0.07637785024683696 0.13020054042027662
0 0.7816520972557605 0.5520708325331618 0.07609873635675579 0.12708156237727597
0 0.8139004977933914 0.33514008668233153 0.08069308431475286 0.13372555328489516
0 0.6143001156533989 0.8977934627022119 0.0721363769882385 0.11937641925154185
2 0.4925537714226404 0.19851864669714037 0.09841896455301324 0.1326984098633095
2 0.6968214338612497 0.457631142097842 0.06863806675733242 0.09654368775449484
