1 0.855505 0.738462 0.093272 0.092308
1 0.854740 0.530769 0.097859 0.097436
0 0.656728 0.071795 0.047401 0.076923
0 0.317278 0.115385 0.053517 0.082051
0 0.485474 0.176923 0.035168 0.061538
0 0.529052 0.176923 0.033639 0.061538
0 0.616972 0.175641 0.035168 0.058974
0 0.572630 0.176923 0.035168 0.061538
0 0.613914 0.521795 0.059633 0.074359
0 0.573394 0.420513 0.033639 0.066667
0 0.389144 0.516667 0.053517 0.084615
0 0.309633 0.430769 0.053517 0.076923
0 0.895260 0.269231 0.056575 0.082051
0 0.165138 0.530769 0.051988 0.087179
0 0.464832 0.738462 0.051988 0.097436
0 0.255352 0.739744 0.055046 0.089744
0 0.306575 0.946154 0.059633 0.092308
0 0.266820 0.294872 0.053517 0.082051
2 0.613150 0.734615 0.110092 0.028205
2 0.357034 0.730769 0.071865 0.030769
