1 0.6839089737859476 0.01001145848580584 0.06585982875387286 0.02002291697161168
1 0.5608616329161333 0.000227170587102421 0.06944707343328682 0.000454341174204842
0 0.2653418998638546 0.18760725862532418 0.051237294947508505 0.08815889215187378
0 0.25033933211343296 0.7579507514991557 0.05500835331951753 0.09895705062409255
0 0.3069903868386588 0.4853425716856074 0.04065866237823712 0.06594431108111098
0 0.31222925740498375 0.4127956093510377 0.040474848685641995 0.06339889124978415
0 0.3220398943744029 0.26627568736009266 0.039140760577422884 0.06563607150765516
0 0.3174681279713087 0.34024864701646795 0.04065866237823712 0.06594431108111093
0 0.5265972981744894 0.31298055249467316 0.05118990268745538 0.10821401122903213
0 0.46176656583966247 0.36826073114211566 0.04351124429265302 0.06401549061493811
0 0.49654004023367937 0.6865524418809953 0.05652625512033166 0.09926529019754815
0 0.43612928921519833 0.8085927608097622 0.05197254971788917 0.09834057147718078
0 0.6369429523816184 0.5872138033955007 0.06393254243719027 0.09826118845174281
0 0.6125185858687954 0.9361020934021946 0.05974646441993803 0.10242730939402889
0 0.7408723559067019 0.8756422793201226 0.06181580729853753 0.1103718084614651
0 0.35053063013422514 0.8635288823637131 0.05500835331951753 0.09895705062409255
0 0.6524960369479547 0.3398372763725218 0.029932578554158318 0.18666764242646863
0 0.6194293688819879 0.7657468892295274 0.026854897603609484 0.12333705669441253
