0 0.7916209205042976 0.06093324447016121 0.07749520186111858 0.12186648894032243
0 0.9572553046921723 0.30489914623954406 0.07648242917772208 0.12149548736694721
0 0.6746413814974326 0.25171934529336465 0.07874200356655159 0.12527012597186793
0 0.5808487770017072 0.40651129616462256 0.07642421066049387 0.12158826444202175
0 0.5687094598398081 0.5552785838708858 0.08218947203886195 0.13083919327715826
0 0.2587995361759206 0.7555449323243162 0.08705771833144282 0.13783181597917815
0 0.4263700554380312 0.7930577928725977 0.07767032326120332 0.12328991606731654
0 0.1253818741566977 0.6779840999700564 0.07749520186111852 0.12356732319115815
0 0.07783380346123639 0.6043628066920796 0.07291829074675521 0.11611151216111493
0 0.36614993876785873 0.9976564451252603 0.0741061848302364 0.00468710974947939
