2 0.431818 0.589147 0.095041 0.046512
2 0.247934 0.608527 0.082645 0.062016
2 0.813017 0.436047 0.026860 0.158915
2 0.625000 0.434109 0.030992 0.155039
1 0.716942 0.536822 0.086777 0.089147
1 0.715909 0.267442 0.084711 0.093023
3 0.145661 0.790698 0.030992 0.418605
3 0.169421 0.608527 0.082645 0.062016
3 0.340909 0.589147 0.107438 0.046512
3 0.574380 0.589147 0.214876 0.054264
3 0.303719 0.856589 0.024793 0.286822
3 0.449380 0.877907 0.018595 0.244186
3 0.333678 0.759690 0.055785 0.031008
3 0.425620 0.753876 0.053719 0.027132
3 0.875000 0.587209 0.250000 0.042636
3 0.794421 0.914729 0.026860 0.170543
3 0.794421 0.843023 0.047521 0.034884
3 0.871901 0.843023 0.049587 0.027132
3 0.961777 0.839147 0.076446 0.034884
3 0.986570 0.920543 0.018595 0.158915
3 0.620868 0.544574 0.030992 0.081395
3 0.810950 0.538760 0.030992 0.062016
3 0.988636 0.633721 0.022727 0.081395
3 0.643595 0.312016 0.068182 0.042636
3 0.786157 0.315891 0.072314 0.050388
