0 0.123362 0.113839 0.067686 0.120536
0 0.284934 0.265625 0.058952 0.120536
0 0.540393 0.825893 0.063319 0.133929
0 0.135371 0.526786 0.061135 0.133929
0 0.543668 0.292411 0.052402 0.093750
0 0.384279 0.383929 0.048035 0.098214
0 0.437773 0.383929 0.045852 0.098214
0 0.489083 0.383929 0.043668 0.107143
0 0.331878 0.379464 0.043668 0.098214
0 0.923581 0.787946 0.061135 0.174107
2 0.871179 0.341518 0.117904 0.200893
3 0.391921 0.589286 0.390830 0.035714
3 0.091703 0.725446 0.017467 0.549107
3 0.181223 0.988839 0.205240 0.022321
3 0.496725 0.935268 0.019651 0.129464
3 0.587336 0.790179 0.021834 0.419643
3 0.578603 0.292411 0.026201 0.575893
3 0.393013 0.531250 0.362445 0.035714
3 0.208515 0.406250 0.019651 0.419643
3 0.210699 0.191964 0.259825 0.044643
3 0.200873 0.122768 0.021834 0.191964
3 0.977074 0.636161 0.045852 0.325893
3 0.919214 0.926339 0.056769 0.147321
