0 0.801613 0.502874 0.080645 0.143678
0 0.672581 0.390805 0.067742 0.137931
0 0.187097 0.629310 0.090323 0.143678
0 0.187097 0.422414 0.109677 0.155172
3 0.143548 0.183908 0.035484 0.333333
3 0.267742 0.051724 0.264516 0.045977
3 0.390323 0.295977 0.025806 0.522989
3 0.258065 0.525862 0.290323 0.051724
3 0.264516 0.132184 0.238710 0.034483
3 0.303226 0.640805 0.032258 0.212644
3 0.141935 0.847701 0.032258 0.304598
3 0.296774 0.942529 0.296774 0.045977
3 0.448387 0.873563 0.025806 0.252874
3 0.482258 0.876437 0.061290 0.040230
3 0.506452 0.928161 0.019355 0.143678
3 0.685484 0.988506 0.390323 0.022989
3 0.622581 0.204023 0.458065 0.051724
3 0.619355 0.120690 0.458065 0.045977
3 0.858065 0.548851 0.032258 0.902299
3 0.932258 0.247126 0.135484 0.057471
