1 0.292105 0.502778 0.152632 0.061111
1 0.547368 0.612963 0.084211 0.096296
1 0.547368 0.734259 0.084211 0.098148
1 0.543421 0.847222 0.086842 0.083333
1 0.475000 0.304630 0.092105 0.098148
0 0.198684 0.095370 0.092105 0.068519
0 0.457895 0.095370 0.084211 0.068519
3 0.253947 0.229630 0.502632 0.022222
3 0.117105 0.529630 0.228947 0.022222
3 0.435526 0.527778 0.165789 0.018519
3 0.448684 0.453704 0.034211 0.148148
3 0.468421 0.384259 0.100000 0.024074
3 0.509211 0.363889 0.034211 0.042593
3 0.510526 0.087037 0.031579 0.074074
