0 0.241422 0.355615 0.051471 0.069519
0 0.299020 0.358289 0.053922 0.064171
0 0.356618 0.362299 0.056373 0.072193
0 0.453431 0.410428 0.068627 0.072193
0 0.529412 0.407754 0.063725 0.077540
0 0.625000 0.359626 0.063725 0.061497
0 0.837010 0.827540 0.075980 0.088235
0 0.654412 0.826203 0.073529 0.080214
0 0.186275 0.830214 0.078431 0.082888
3 0.208333 0.372995 0.024510 0.275401
3 0.205882 0.657754 0.024510 0.133690
3 0.185049 0.723262 0.365196 0.034759
3 0.372549 0.733957 0.024510 0.259358
3 0.545343 0.604278 0.330882 0.037433
3 0.805147 0.727273 0.389706 0.026738
3 0.775735 0.656417 0.022059 0.131016
3 0.780637 0.792781 0.026961 0.136364
3 0.933824 0.874332 0.132353 0.042781
3 0.776961 0.372995 0.024510 0.275401
3 0.444853 0.233957 0.674020 0.024064
3 0.491422 0.433155 0.022059 0.331551
