1 0.122396 0.497175 0.078125 0.152542
0 0.600260 0.360169 0.080729 0.093220
0 0.847656 0.331921 0.075521 0.093220
0 0.308594 0.344633 0.080729 0.079096
3 0.369792 0.399718 0.401042 0.036723
3 0.671875 0.326271 0.020833 0.155367
3 0.223958 0.244350 0.130208 0.019774
3 0.276042 0.272599 0.026042 0.070621
3 0.167969 0.207627 0.018229 0.409605
3 0.514323 0.245763 0.330729 0.022599
3 0.941406 0.367232 0.117188 0.028249
3 0.800781 0.247175 0.018229 0.274011
3 0.843750 0.115819 0.312500 0.016949
3 0.924479 0.057910 0.026042 0.110169
3 0.700521 0.084746 0.020833 0.073446
3 0.720052 0.055085 0.054688 0.025424
3 0.735677 0.083333 0.023438 0.059322
