1 0.271127 0.446552 0.124413 0.106897
1 0.269953 0.118966 0.126761 0.100000
2 0.416667 0.322414 0.039906 0.175862
2 0.131455 0.320690 0.042254 0.179310
0 0.448357 0.751724 0.075117 0.103448
3 0.160798 0.172414 0.105634 0.048276
3 0.126761 0.198276 0.032864 0.106897
3 0.127934 0.441379 0.039906 0.082759
3 0.413146 0.439655 0.037559 0.086207
3 0.380282 0.172414 0.098592 0.041379
3 0.414319 0.196552 0.030516 0.096552
3 0.110329 0.496552 0.215962 0.041379
3 0.603286 0.494828 0.558685 0.044828
3 0.686620 0.798276 0.199531 0.031034
3 0.681925 0.827586 0.025822 0.055172
3 0.848592 0.832759 0.016432 0.058621
3 0.860329 0.800000 0.049296 0.034483
3 0.394366 0.800000 0.042254 0.027586
3 0.504695 0.798276 0.056338 0.024138
3 0.522300 0.827586 0.016432 0.055172
3 0.384977 0.825862 0.028169 0.065517
