0 0.311688 0.261538 0.103896 0.123077
0 0.454545 0.261538 0.090909 0.123077
1 0.594156 0.446154 0.084416 0.184615
0 0.594156 0.773077 0.110390 0.100000
0 0.590909 0.896154 0.103896 0.100000
3 0.672078 0.342308 0.253247 0.053846
3 0.779221 0.184615 0.038961 0.353846
3 0.405844 0.184615 0.045455 0.353846
3 0.555195 0.634615 0.045455 0.207692
3 0.769481 0.703846 0.058442 0.330769
3 0.873377 0.592308 0.253247 0.046154
3 0.788961 0.630769 0.422078 0.061538
3 0.662338 0.600000 0.207792 0.046154
3 0.659091 0.553846 0.201299 0.061538
