0 0.5707132428599878 0.28614218320036966 0.1193429277603213 0.22129036410891695
0 0.4523219979324138 0.6684216419139954 0.12012521090848982 0.22385612699643864
0 0.38506256460541666 0.8909069542296767 0.12394197151287839 0.2181860915406466
3 0.14205597964097239 0.6595918712686463 0.23796338667642547 0.6808162574627075
3 0.3354027477732917 0.6814784346099241 0.29485228746348785 0.3274872973201145
3 0.4513729126751611 0.3333514558335243 0.2905106591017348 0.6667029116670486
3 0.7097055186380268 0.14340920043190375 0.1835831228062531 0.2868184008638075
3 0.5554577361953676 0.5198803421502293 0.11265283206600024 0.30962132348569193
3 0.5011510597258866 0.3697391391281234 0.1480091328685349 0.17668342032260304
3 0.35529020835274927 0.2367961004752488 0.13945150179954285 0.1643691094415327
