0 0.5184734247457841 0.0002485633092453865 0.104658336048702 0.000497126618490773
0 0.6442924627351068 0.991742307753659 0.10684601378842251 0.016515384492681973
0 0.49440440551880216 0.616619676843409 0.11245336738210848 0.19484501590533543
3 0.5683436293222661 0.5 0.05294427443576688 1.0
3 0.42256381933577436 0.43999572233506795 0.022316581369764166 0.11801326563661851
3 0.38838773625531076 0.47038049113639224 0.09136995855650865 0.04450813211711019
3 0.3998766394403334 0.3979859128509703 0.06375637746565543 0.03956792719404861
3 0.36467340419837757 0.2491853572646788 0.04438159232114758 0.4983707145293576
3 0.3939404092060896 0.961355043662456 0.41245288785903733 0.077289912675088
3 0.3908716418034137 0.988933583483463 0.40822504396877174 0.022132833033073895
