1 0.614227577569983 0.1579022809386563 0.09250142940864092 0.18346813974524195
0 0.7255065881288758 0.4464497814860279 0.09250142940864092 0.183468139745242
0 0.8354920472952903 0.7316430913441168 0.08991371588176134 0.1767581747072392
0 0.5287145383105722 0.48065135681663873 0.4737791520656232 0.9613027136332775
0 0.7728413684385254 0.9170073284499289 0.11206106134179183 0.165985343100142
3 0.15157585985281646 0.10301860716540673 0.1861615491157126 0.20603721433081346
3 0.48636058847184127 0.048311344154024154 0.1329598091073596 0.09662268830804831
3 0.5993170902902347 0.2718749156950831 0.14820097554784173 0.25036255198804225
3 0.7135677542430294 0.5611904770642955 0.14225788358710134 0.2384765491543578
3 0.8591666303880738 0.7860940397888551 0.09528496100220651 0.16601568446634896
