0 0.04757014642898516 0.3905777209031641 0.09514029285797032 0.11439079536724278
0 0.23115701600593466 0.5260459741765912 0.10144686349383819 0.1171991162317742
0 0.3961227706468636 0.7012712097945695 0.10200648171257043 0.11655561347945942
0 0.531784626013936 0.8214354509379199 0.10445049699399855 0.11872043159167611
0 0.5218339547049891 0.293222173677234 0.08469124839875686 0.09666165457952339
0 0.33443870765034645 0.05559268855066993 0.0749143953043856 0.08800168063418484
0 0.37438739184705516 0.09769518925522097 0.07435398511699448 0.08864448189002772
0 0.6250363154638676 0.310754549239674 0.07170521939772612 0.08174153615280721
0 0.46288985915475983 0.238772954530941 0.08790042430541634 0.10292179906090093
0 0.4193287326082311 0.1352625748459715 0.07735841058581366 0.09016649874640142
3 0.30151506876444734 0.08238397179330084 0.1665417203664888 0.16476794358660168
3 0.13950027674740273 0.3373972473224015 0.21306787264649574 0.1978414768545047
3 0.15170125096131612 0.2698477817811854 0.09304810926194511 0.12684833097851017
3 0.2352874437595896 0.4356755804781405 0.1703105144918805 0.24199265429893413
3 0.4082347762133137 0.4276726672421844 0.31929481358988704 0.2896549786081578
3 0.4065693104254392 0.5985843316132259 0.1721949115545764 0.2448009751634655
3 0.5779599221732508 0.645173182117068 0.0862756816363931 0.11971037388954531
3 0.5766560900136396 0.7313310945187217 0.34806733859158645 0.3162798061894322
3 0.5149060849999115 0.759469315764469 0.1033853725437075 0.13486550366800587
3 0.4728881371573164 0.8162816117133888 0.09573929976476958 0.09391617753866677
3 0.6406059601356144 0.9279640864363722 0.2393955903981081 0.14407182712725564
3 0.557494949676425 0.16511234924705434 0.5289490204456907 0.3302246984941087
3 0.7249471443823381 0.42611781893434586 0.18273692527417895 0.257556275477965
3 0.9853324754804915 0.5169810275095384 0.029335049039016847 0.117089181503095
3 0.11459281178078101 0.4093653745462539 0.08871969691782111 0.12187519200176206
