0 0.38449912788925256 0.09515058157253684 0.11452453487901515 0.13997451883391882
0 0.510645187142918 0.687570419910673 0.1361628863656355 0.16018499755892113
0 0.6594495635521676 0.8824494698659698 0.16919643338198542 0.23510106026806032
3 0.18105743943102218 0.4318388566056197 0.27339898990563855 0.5150207868130399
3 0.7380457362284483 0.5541306776845955 0.5086229973400517 0.8917386446308091
3 0.6831268489242881 0.09946817316504625 0.3272682360236435 0.1692329531841854
3 0.38952523591215166 0.16675617705318524 0.3082002985108362 0.1272178117605051
3 0.2718547659991182 0.04744599649940872 0.1667798467785095 0.09489199299881744
3 0.2373432721525031 0.16731732686593193 0.07742276958215716 0.28796787177106664
3 0.31071646591608193 0.6795037005032423 0.3220878880957462 0.25021732523062123
3 0.622637613013892 0.7655543689280285 0.18204971826554983 0.14142744442734645
3 0.7431490616901406 0.5463467404513824 0.49841734386909353 0.9073065190972353
