0 0.4859849066566369 0.3903789822784123 0.08278719927764489 0.13245954323243947
0 0.9107304915252714 0.3013349917480006 0.07943187839439037 0.12899630976281948
0 0.7858660118096128 0.13080392319547882 0.07726823291621943 0.12362922144236627
0 0.2914222027837584 0.7621191225792507 0.09982076852395483 0.15818896666232563
1 0.27386065725440456 0.936727099607128 0.13438523481982534 0.12654580078574396
3 0.6311232113040816 0.04346622733413358 0.1257699402973793 0.08693245466826716
3 0.7580528265986202 0.07731415633959815 0.17657101599570613 0.1546283126791963
3 0.9644229417553334 0.3284322292162548 0.07115411648933323 0.11711746202074225
3 0.9360819492523134 0.4495501446144178 0.12783610149537328 0.24334774444538293
3 0.8600537958992333 0.5237989703545389 0.06213931642584636 0.09485009296514052
3 0.8410942402917037 0.5383783305305673 0.0434387535405506 0.07178842451709166
3 0.8419277371111965 0.5692856358911589 0.056144355866453166 0.0867824922107362
3 0.8441333738358676 0.34353302012169484 0.1598584123952822 0.2740646643208911
3 0.8741208713276727 0.3790628401361309 0.06478030803011625 0.09945681844059595
3 0.7838002002666672 0.2592290765030483 0.13075093953718508 0.19700742383968756
3 0.7426655933500788 0.16917491540311097 0.08493086307866404 0.1290302463102687
3 0.6500001363467421 0.37242005090605157 0.20450814705400244 0.352744440134438
3 0.6327282320194154 0.3470713984463319 0.22610869426580216 0.3888296274257347
3 0.7966714979472929 0.6852110592755627 0.14665548226612912 0.2510345742296206
3 0.6302642785365759 0.6657351366873185 0.23126537969890726 0.34525533415821863
3 0.4579020619207689 0.4254952738705679 0.1571347902261429 0.23426768149359833
3 0.42337891090733293 0.2730553455941975 0.07800321983642122 0.13128329377449022
3 0.47088731461012256 0.291892238632293 0.07653257003195191 0.11597397001490695
3 0.2649811574779442 0.39679129024835935 0.25078423603333955 0.4111625113855642
3 0.6375487484362782 0.8333267606903029 0.15860544003061228 0.2495770052531816
3 0.4860107768296345 0.790897497882557 0.3292634500677286 0.41820500423488594
3 0.3055564636676299 0.876155301195875 0.12237330413169029 0.19274871188228526
3 0.2294227115396377 0.6159993891440856 0.17875599507916 0.2791504331228546
3 0.24433916312199172 0.9134905400785512 0.23373000914581232 0.17301891984289752
