1 0.10741889987439196 0.29072108531444407 0.11606236280622961 0.12940448374880084
0 0.278668100365166 0.3521660754368935 0.07777665348867097 0.10053401818462432
0 0.3961360913283752 0.27791477721698354 0.07325841924734522 0.0976780507391169
0 0.47597948634746645 0.4985830869667088 0.07207057522266092 0.0992622867638181
0 0.5081075137080571 0.5889432537848829 0.06992870673195478 0.09323827564260645
0 0.587892114986857 0.8133376680500153 0.07099964097730793 0.0962502812032121
0 0.4692943960380036 0.8883030652247266 0.07991852197937699 0.10655802930583602
0 0.6598202487171396 0.027680708808525408 0.06874086270727064 0.055361417617050816
3 0.5767310046143765 0.0047781625000869465 0.09934567443029896 0.009556325000173893
3 0.7840736908695172 0.46246178170728974 0.3079440327154753 0.8414652447147267
3 0.4315520483853107 0.1946608885704926 0.4208943029106176 0.2823919947903775
3 0.38526805627646826 0.11426997535794113 0.43659019642404984 0.22853995071588226
3 0.26867790521012025 0.09841051150966643 0.04698748388858334 0.09274759154468831
3 0.4115056474939899 0.4028460596140377 0.07685605527788558 0.18167956045325961
3 0.3597911794968454 0.45582385453937224 0.12580164536737093 0.10753982587537037
3 0.3507971715344905 0.6367336525460554 0.1994115537679571 0.5066640847684896
3 0.47972716061894705 0.9574713933690173 0.08482158951518404 0.08505721326196536
3 0.4638475048157108 0.7368105087456118 0.1328124774373965 0.10263107968616858
3 0.5233594823930893 0.7213267452127514 0.08684587052530773 0.19499931411648896
3 0.6648904475291286 0.8236902231418006 0.4016341996218816 0.2725527894067469
3 0.15963540873897647 0.10095022169471163 0.08887082923668244 0.20190044338942326
