0 0.166667 0.110915 0.069182 0.095070
0 0.279874 0.112676 0.069182 0.091549
1 0.400943 0.253521 0.078616 0.140845
0 0.394654 0.500000 0.078616 0.077465
0 0.394654 0.596831 0.078616 0.080986
0 0.397799 0.887324 0.078616 0.077465
0 0.753145 0.485915 0.047170 0.063380
0 0.845912 0.538732 0.069182 0.077465
3 0.367925 0.399648 0.031447 0.158451
3 0.452830 0.332746 0.207547 0.038732
3 0.726415 0.364437 0.352201 0.031690
3 0.544025 0.376761 0.018868 0.126761
3 0.545597 0.505282 0.028302 0.144366
3 0.466981 0.552817 0.261006 0.049296
3 0.363208 0.741197 0.034591 0.228873
3 0.477987 0.742958 0.213836 0.028169
3 0.588050 0.746479 0.025157 0.190141
3 0.495283 0.934859 0.286164 0.031690
3 0.482704 0.883803 0.028302 0.098592
3 0.495283 0.968310 0.028302 0.063380
3 0.889937 0.674296 0.025157 0.651408
3 0.944969 0.419014 0.110063 0.035211
3 0.462264 0.169014 0.220126 0.028169
3 0.556604 0.096831 0.031447 0.186620
