2 0.0842273461112921 0.17363179727773934 0.14491681891263414 0.08797148731189536
2 0.7182843593137008 0.08204381523628879 0.1357371148652795 0.11190640391804285
2 0.06276181292371963 0.4280352125091077 0.06307351485527957 0.05859172331993345
0 0.11961006922727924 0.40917137404605136 0.061341733810093446 0.06011584951750448
0 0.22003342436134637 0.22528965437908208 0.06480397656142478 0.057066362130843096
0 0.3792974057704259 0.1365927725370202 0.06480397656142495 0.057066362130842985
0 0.19848554889222952 0.44940614495425013 0.07134483875026129 0.07349915066304263
1 0.58326173941233 0.1263560943715835 0.08214609857485655 0.08301067122926548
1 0.5744381530234435 0.33731875555269386 0.0877523908948693 0.09709551409626588
1 0.23726343709083633 0.5468289033148481 0.06826716302082109 0.0540171660276364
0 0.25181560402554304 0.5871477221967694 0.06373242363111647 0.04849934264573952
0 0.2989341551348824 0.701765949684112 0.07013592712749211 0.058712113649969866
0 0.3375746846410283 0.7913229389976137 0.06386978232357754 0.0547193601737086
0 0.5900047817155001 0.7938049451794762 0.07359911358688809 0.05566291754676311
0 0.7924031440681688 0.7194712642123209 0.07214204992662387 0.06962707880027252
0 0.995545083961973 0.7165561286257778 0.008909832076054003 0.09404631799305918
1 0.8509552967304467 0.6447254016515487 0.10427016830742275 0.08572131415954776
1 0.5687625233877464 0.44714426290485126 0.06826716302082114 0.0540171660276364
0 0.5191690561598434 0.5744799941004759 0.1450799950907028 0.33511591640742316
3 0.5954465819185366 0.7473137600344921 0.09448487862519761 0.20212948195225555
3 0.21852171992114167 0.2666131695071407 0.12823360907517256 0.2516698632004465
3 0.22179102119207367 0.40267294415767385 0.10597444029711767 0.043005663356001644
3 0.23910695008892144 0.11528232654035052 0.22354603225615216 0.09164954042393633
3 0.3398867985124328 0.1052638655703039 0.05001892390212215 0.06691672715344493
3 0.3666545152636751 0.18003381787073297 0.05254659678463014 0.06151929410158449
3 0.48217909817138316 0.19577661052101517 0.23451084048965903 0.14857136813258415
3 0.6029794790800647 0.23229727724431373 0.14763706104469854 0.17117552486727966
3 0.731215346102143 0.08661726918767003 0.2794459658632089 0.17323453837534006
3 0.6813720369669277 0.6285337394153787 0.24451488913789166 0.1619549605615771
3 0.724615702870531 0.8537398635659693 0.16572175175448578 0.11086565659904601
3 0.8062398740309686 0.7955960661238588 0.11229428387297447 0.1293802310526937
3 0.8966071021476334 0.6324793853463393 0.20678579570473332 0.19472305639657927
3 0.9685017078178108 0.8082545009536377 0.0629965843643785 0.14452996533084972
