0 0.272260 0.484483 0.058219 0.051724
0 0.202055 0.558621 0.061644 0.048276
0 0.306507 0.655172 0.044521 0.062069
0 0.340753 0.689655 0.051370 0.048276
0 0.327055 0.294828 0.051370 0.044828
0 0.424658 0.387931 0.041096 0.058621
1 0.436644 0.179310 0.085616 0.082759
0 0.523973 0.479310 0.047945 0.055172
0 0.616438 0.574138 0.054795 0.058621
0 0.506849 0.708621 0.061644 0.058621
0 0.443493 0.781034 0.058219 0.065517
0 0.527397 0.781034 0.054795 0.065517
1 0.631849 0.693103 0.092466 0.089655
1 0.827055 0.537931 0.092466 0.089655
