0 0.13581728747722574 0.32665250757091874 0.0938671842707441 0.1825249476525734
0 0.35591511874542636 0.48996916199257035 0.09273035863141049 0.18477649521754635
0 0.5577479917789966 0.7387563029045943 0.09165253170334164 0.18039035018149696
0 0.7224441381593637 0.8934308232341307 0.08997589343124957 0.18044795856280538
3 0.20166116906149129 0.17853862564085035 0.2948879532045692 0.3093329602670592
3 0.20937208341578134 0.3310915123794742 0.06720965266131268 0.22879822199867828
3 0.16615916485236326 0.43727386250426536 0.05567013197276169 0.0821096463646625
3 0.04854314694681195 0.3203721471916681 0.0970862938936239 0.12806326703821258
3 0.22170851277735054 0.08789166624117725 0.06394622293711161 0.1757833324823545
3 0.5012631665245568 0.2245397328183876 0.39514702925042827 0.4009469597137782
3 0.3437748992563313 0.33314708031179374 0.11352692449846918 0.42072356902265984
3 0.3051206342949161 0.5183177521377725 0.03519934540210495 0.06070519660695051
3 0.4344256856261167 0.647016896086694 0.15308759350464896 0.17935294805663382
3 0.552270327887435 0.5408865390687692 0.1184660933260383 0.43050511611616826
3 0.5044692875507019 0.7660672814220943 0.0346604319380705 0.05851212408892581
3 0.5301244180567641 0.11570901665083279 0.07104104562081848 0.23141803330166558
3 0.6969287915834026 0.3005618100079752 0.04471486655827861 0.05816127380723635
3 0.6734155956636064 0.33214867491054867 0.034335710398482044 0.09501989923045173
3 0.7019224365281834 0.358269355991352 0.03155219542705079 0.09401064220904182
3 0.7539595561958045 0.7122293805039186 0.39287337797176103 0.405450054843724
3 0.7379888429159278 0.5598527855717794 0.07217787126015207 0.2352604894588557
3 0.6888547046987465 0.7932418315223679 0.07379461165225532 0.24183970701292967
3 0.6251701003959476 0.8824050102598566 0.12761863939515827 0.15480464380643555
3 0.8139589779328137 0.9798532149790535 0.17855654761413953 0.04029357004189282
3 0.9100147102130244 0.9494436365214027 0.045253780022313395 0.06035434632526093
3 0.9045259550887468 0.9021100112157455 0.030024402686206764 0.07747531908625471
3 0.9299949091982374 0.9266583154659439 0.028946575758137638 0.07308917405020554
3 0.805877627784459 0.2807960122423001 0.03113127938554594 0.07854218448897299
