2 0.317729 0.964000 0.113546 0.040000
1 0.072709 0.722000 0.065737 0.116000
1 0.849602 0.721000 0.065737 0.110000
0 0.264940 0.496000 0.055777 0.060000
0 0.458167 0.495000 0.055777 0.058000
0 0.652390 0.492000 0.057769 0.060000
0 0.845618 0.493000 0.061753 0.062000
1 0.134462 0.367000 0.061753 0.110000
0 0.169323 0.163000 0.059761 0.062000
0 0.252988 0.082000 0.063745 0.060000
0 0.447211 0.080000 0.061753 0.056000
0 0.526892 0.081000 0.061753 0.058000
0 0.721116 0.219000 0.063745 0.058000
0 0.720120 0.082000 0.061753 0.064000
0 0.252988 0.219000 0.059761 0.058000
