0 0.6769717488673405 0.6568537745388707 0.12112399485774938 0.11805625038836887
0 0.746464477654414 0.5378626640677481 0.11473941716217773 0.11427169413759053
0 0.6129066743573662 0.04691451580329817 0.11530422130576468 0.09382903160659634
1 0.9300859167763385 0.4948444117882703 0.1398281664473231 0.1606269250323984
3 0.020428104264828384 0.6616059402417609 0.04085620852965677 0.17915263259413738
3 0.5403201429290316 0.9737163506896399 0.10517006440336474 0.05256729862072018
3 0.19778117039849089 0.29271480655810844 0.11587560437591676 0.15910107719510752
3 0.3999676740173971 0.0073616287203261965 0.10066467482658964 0.014723257440652393
3 0.8032110201527174 0.19052171817932395 0.37686705391715847 0.24862533352364646
3 0.9049700889490628 0.3915438928764556 0.1481828821316915 0.22871550504154137
3 0.9970286875917016 0.47404469323844084 0.005942624816596687 0.19655576892269055
