2 0.04660240579761496 0.29611815142584785 0.044955736928769585 0.11569900829192398
1 0.2985161308930303 0.061361224156325056 0.11840382083381623 0.0711994993964633
1 0.26423189459409535 0.8406025612171328 0.11243389013361899 0.07092703542974743
0 0.5146541838028377 0.2644248595874658 0.06223217744722581 0.05866697817039601
0 0.5068746064367687 0.45827004868709936 0.06024220054716006 0.058576156848157424
0 0.5010397769522907 0.6532050115293101 0.06232263548417544 0.0606648830110732
0 0.49127017727549493 0.8469603822709824 0.06449352845814071 0.06475151401466606
1 0.6489327860986073 0.13941806187895037 0.11225297405971957 0.06693122574839322
0 0.8503273688480376 0.18364617442341788 0.06440307042119087 0.06275360917398892
0 0.9271221503381547 0.2712374442467994 0.06259400959502437 0.06665859753310449
0 0.9202923324036438 0.4661269964278908 0.058523597757943246 0.06447905004795024
0 0.9156789770649627 0.5459987823581343 0.060513574658008884 0.06456987137018888
0 0.7695507307151853 0.734531844946799 0.06060403269495862 0.06656777621086596
0 0.905909377388167 0.7397541530998065 0.06648350535820635 0.06484233533690476
0 0.7908087326836479 0.26501618367345325 0.06042311662105926 0.06257196652951169
