2 0.9708749994842156 0.6923910372034677 0.058250001031568854 0.11307712776554335
2 0.44467730641230124 0.9471392329119864 0.14593662512737604 0.10572153417602714
2 0.9404460617349479 0.44526749378170927 0.07087240013353435 0.06327537413611961
0 0.8934125344879096 0.4791270905250019 0.07038054993973131 0.06370753236774718
0 0.8649145711413735 0.6816191272564912 0.07136276349228499 0.06284188583343475
0 0.7461447074340135 0.8104513263080424 0.07136276349228499 0.06284188583343486
0 0.8040774429098612 0.4631742002346098 0.083519275836057 0.07657563224888564
1 0.5565669430127407 0.8774974081431608 0.0954136968142063 0.0870498134722354
1 0.48844063342142496 0.6750953364331607 0.10583326533949178 0.09882125809697573
1 0.7320068407564729 0.38175287263726 0.07234576575134621 0.06197678066367179
0 0.7035980344591772 0.3476356451032291 0.06664448035917281 0.05652361093618302
0 0.6173887944641552 0.25226382693908606 0.07581895525977467 0.0659005955385853
0 0.5483002297539371 0.17825797085993556 0.06962651780234297 0.06088037274923175
0 0.30818192920470294 0.2468773306695916 0.07680195751883578 0.06503549036882239
0 0.14332763055890826 0.3742254280615868 0.08227418221137334 0.07418117222654741
0 0.11494036010827893 0.46152135021379204 0.1119925815529737 0.09688965090594975
1 0.45400011349280067 0.569422158075048 0.07234576575134616 0.06197678066367185
1 0.45483023044709375 0.43480757726618935 0.2560054851490524 0.28428188558503886
0 0.3198811088557106 0.29246523762216975 0.15924523659267995 0.17397975602980453
3 0.851364615450606 0.6420333826951293 0.2056093707115284 0.22043276815214563
3 0.798935646456479 0.5140138800631765 0.0933470228851091 0.06792270911564996
3 0.8867243363472146 0.7912314677893596 0.19734188628863203 0.14392380936125426
3 0.7948514677864251 0.8290601326005849 0.06569608617911327 0.06434187615738252
3 0.7423756071874684 0.7657293132317347 0.06494135591318062 0.06151392783235965
3 0.6271895353064803 0.7832905426499722 0.2313542667365669 0.18728820588526762
3 0.4994704199442427 0.7826446767495685 0.18168603997176064 0.17167447232244792
3 0.43291432547021685 0.9239983369888399 0.2794216158793711 0.15200332602232014
3 0.2815185303402245 0.4291867417694514 0.24449378133940003 0.2001568471309556
3 0.15888585621220877 0.227925542460403 0.1662177600742077 0.13641916152807337
3 0.10261475090203614 0.3059750843291331 0.13781279123082368 0.13001116895129064
3 0.09067808706053482 0.4986870954132621 0.18135617412106964 0.24185005639529
