0 0.33516345232449873 0.07475768495009394 0.11173358326310517 0.14951536990018788
0 0.35376359589535067 0.30357331089124284 0.10193235187721705 0.17671506565394995
0 0.7329730374097554 0.8936225679025687 0.11706596831137206 0.21275486419486278
0 0.6360614809239071 0.9418432997874429 0.13311350771763697 0.11631340042511418
3 0.41799386384204557 0.9415017500535986 0.16727899579148808 0.11699649989280281
3 0.4648640174813141 0.7754787968831803 0.25919035516567934 0.32652450299404245
3 0.6454153060664591 0.8076912799522795 0.1841900739083986 0.3846174400954411
3 0.45745936122801123 0.9329092463414143 0.1476765330197118 0.1341815073171715
3 0.6743726133679557 0.7149800149462882 0.11737747539531262 0.16512333650753153
3 0.8601522951710189 0.8407895907622268 0.1604493823683797 0.2157881572068836
3 0.8192572022133994 0.5583288475816113 0.18505251065891848 0.46657173967330307
3 0.7034172975110982 0.3709117033749343 0.13266656988140646 0.1776965233171881
3 0.686101253823307 0.3189692693718409 0.052613585903710236 0.11329102141457842
3 0.6969987313041648 0.2544990841910627 0.07796401521099994 0.10794045004101677
3 0.6266216954693273 0.12578227101749867 0.22582840201880283 0.25156454203499734
3 0.29382258307072284 0.48082575230441826 0.2766125716110619 0.7095433689939539
3 0.25656627543635685 0.5315369444413452 0.2739206359761334 0.7063768865727522
3 0.3255954793029976 0.10663645461531494 0.44041677769331594 0.2132729092306299
3 0.14338648161289497 0.05660202804036993 0.10156880759162346 0.11320405608073986
