2 0.342014 0.147849 0.156250 0.059140
2 0.904514 0.145161 0.149306 0.053763
0 0.289931 0.669355 0.052083 0.069892
0 0.456597 0.674731 0.059028 0.080645
0 0.604167 0.653226 0.055556 0.080645
0 0.746528 0.674731 0.055556 0.080645
0 0.864583 0.677419 0.055556 0.086022
1 0.170139 0.793011 0.055556 0.134409
3 0.199653 0.440860 0.038194 0.634409
3 0.227431 0.142473 0.093750 0.059140
3 0.621528 0.145161 0.423611 0.053763
3 0.472222 0.274194 0.020833 0.258065
3 0.829861 0.263441 0.027778 0.290323
3 0.647569 0.177419 0.378472 0.021505
3 0.649306 0.325269 0.027778 0.306452
3 0.326389 0.709677 0.236111 0.032258
3 0.237847 0.580645 0.065972 0.021505
3 0.440972 0.583333 0.256944 0.026882
3 0.468750 0.521505 0.020833 0.118280
3 0.501736 0.661290 0.017361 0.129032
3 0.645833 0.481183 0.284722 0.026882
3 0.574653 0.594086 0.024306 0.231183
3 0.670139 0.690860 0.097222 0.037634
3 0.722222 0.604839 0.027778 0.252688
3 0.857639 0.583333 0.263889 0.026882
3 0.824653 0.524194 0.017361 0.112903
3 0.828125 0.647849 0.024306 0.112903
3 0.807292 0.712366 0.072917 0.037634
3 0.940972 0.715054 0.118056 0.032258
