1 0.8262496121849212 0.06106339339213834 0.11701336431938125 0.12212678678427669
1 0.2026456772876982 0.5434930348459235 0.1274118939888605 0.2003658144155983
1 0.2731111418295085 0.916301200279156 0.1447035058229701 0.16739759944168808
0 0.864497060966845 0.46208452082004603 0.09850878807341779 0.1487654745812888
0 0.7293376850752051 0.6926849415906283 0.09225846566426155 0.14035771928499474
0 0.5932597900934409 0.9248727320368489 0.09250436495898229 0.13998173352953036
0 0.9304297602934559 0.22310532386701568 0.07021191852050979 0.1022209469901883
2 0.020471243148544455 0.6845983528560238 0.04094248629708891 0.12877161360214762
2 0.5928257448367193 0.5483506845811266 0.562571087997572 0.9032986308377469
0 0.8770566122076908 0.14565935023390233 0.08945468433742043 0.12669224136814178
3 0.9695382367284657 0.28653766882704773 0.06092352654306854 0.09866661084817074
3 0.6938386559858063 0.014820949286139445 0.18553820499015894 0.02964189857227889
3 0.4324709313964718 0.23641866180250487 0.4594394875391682 0.47283732360500974
3 0.10464818744812682 0.6489466794150802 0.10877519481824083 0.18094984956927151
3 0.16488780511305579 0.7497520438785243 0.1376193943111501 0.1907752719489132
3 0.2033166944052372 0.8466429614718105 0.060268494331289 0.09944575595530758
3 0.20020046063456234 0.8904715007178514 0.06237011779333773 0.09025885555187652
