0 0.5696366619916708 0.2567706728032691 0.10429701044752238 0.11405445500340239
0 0.5055791349254558 0.8624708811108829 0.10074125736275108 0.11312802941605393
0 0.26356989842057227 0.9393659557470195 0.09693081785099888 0.12126808850596082
0 0.3066698668195015 0.697623380597897 0.0856959014924224 0.10543029283285077
0 0.3196217066959 0.3976398070946919 0.08157162383496075 0.08546891926256994
0 0.25773146563538896 0.33382765572620837 0.08157162383496075 0.08546891926256994
0 0.3313258713487707 0.4724237524495885 0.08074667789843426 0.08147620699100455
0 0.34890434927897956 0.5393668721162131 0.07363603919731931 0.0796235818288929
0 0.36375179404835833 0.6112280357479787 0.08074667789843432 0.08147620699100455
3 0.6429247174879809 0.8834850981342227 0.35500804125110225 0.12271388525847748
3 0.7740674222286222 0.7294104396287784 0.0801527551649126 0.27396954380542515
3 0.7075505431143008 0.29867159509046515 0.08836819837778087 0.053242814811438555
3 0.708259977449325 0.19330598387153874 0.07437858563439803 0.24602274569201354
3 0.5639609012711247 0.19303670291334468 0.31234594398126775 0.11159858631097863
3 0.224183635632514 0.29839262751096196 0.4209072743801578 0.1323289286177165
3 0.3116701127477377 0.2503550925994211 0.23222630091840984 0.09827851864010156
3 0.4749854213326072 0.5149315054978372 0.13706814845801885 0.5494382493053368
3 0.4370871279145978 0.5037697059255621 0.12361417419785692 0.5006047459280691
3 0.415631404840453 0.7807264870554573 0.2529879575122092 0.0848009941183333
3 0.28764424556252166 0.8140726099105393 0.1089652819852705 0.36457928736655376
3 0.23856845256780893 0.8394795828346815 0.11052419294922483 0.06279317655675332
3 0.1985249793657789 0.9836336152235594 0.10068338855570727 0.03273276955288118
3 0.08833189333861466 0.2664723920089064 0.05864855213403448 0.12104790446407271
3 0.19660830170436053 0.2193285079371579 0.0537569713345048 0.14621478394683649
3 0.13449872135897234 0.725653041314381 0.08481331276143733 0.05231661523667541
