0 0.44053679568785165 0.5588878253348275 0.07646473527628511 0.122343358454852
0 0.24167941415932806 0.0033430306298740664 0.07923740921170713 0.006686061259748133
0 0.18475390490563384 0.1981816932470632 0.07136733291949443 0.11418729669678285
0 0.7257564424444956 0.7227230869462378 0.08749984225560337 0.1536239478701077
1 0.8609699633362979 0.6730871043192383 0.1323427577684596 0.18790606197253623
3 0.14973115059702527 0.4825987799834185 0.15491928094683777 0.13547119736051605
3 0.13061300068840898 0.2774602809980172 0.1090646719756041 0.33118177816410355
3 0.3896660852865046 0.0030950019573732224 0.04330105063264211 0.006190003914746445
3 0.40476303896214105 0.001033065524824045 0.047167643934224956 0.00206613104964809
3 0.4226048721920148 0.005111248409097047 0.0424616733480116 0.010222496818194093
3 0.28942181215781837 0.059359868775927194 0.20402022153185412 0.11871973755185439
3 0.29991088443516234 0.018109157837315704 0.046914951814907235 0.03621831567463141
3 0.2607984890490506 0.15695025706634896 0.08318530343996722 0.24208986960588208
3 0.2221746896403307 0.24980720309238152 0.057305934904330336 0.15299796104766072
3 0.3733829051980887 0.3187953834384869 0.2675730669215057 0.19991155270027489
3 0.3644763482642975 0.3534821749242665 0.2922216264019347 0.22572461163341068
3 0.5062271150260941 0.03305105650826634 0.18595349056384763 0.06610211301653268
3 0.552248258029772 0.24717649609012385 0.1372687689326097 0.44102328453573875
3 0.4708297172081518 0.5889357158630864 0.09228711376849397 0.30093185295464586
3 0.39332942627139433 0.6934007677037757 0.0920105594470812 0.08931382601827076
3 0.3879784068141796 0.6155575215419709 0.05072318141080151 0.13906015935434157
3 0.5205906449632005 0.8615444554016587 0.26216553372081497 0.2769110891966826
3 0.6480392526915626 0.1783836659759014 0.13357449180477377 0.2511855196185752
3 0.7116782561680877 0.39927341839895525 0.349918068095736 0.4270329564070399
3 0.7877683479350391 0.6621321605761483 0.10363235159171214 0.19306059904343265
3 0.6614485278948741 0.8602196165268196 0.14396547489419687 0.2795607669463609
3 0.8892347171247821 0.706024952783692 0.22153056575043573 0.3347182137225493
