0 0.210800 0.609493 0.039460 0.036677
1 0.382658 0.668824 0.055036 0.053937
1 0.504154 0.658576 0.059190 0.061489
0 0.129283 0.326861 0.042575 0.023732
0 0.024922 0.519957 0.020768 0.025890
0 0.048287 0.621899 0.030114 0.042071
0 0.046729 0.336570 0.026999 0.030205
0 0.011942 0.320388 0.021807 0.032362
1 0.273105 0.566343 0.056075 0.051780
1 0.808411 0.727616 0.048806 0.063646
1 0.168744 0.237864 0.055036 0.055016
1 0.232087 0.067961 0.042575 0.053937
1 0.082035 0.022654 0.037383 0.034520
2 0.187954 0.515102 0.051921 0.037756
