1 0.2938245300714951 0.3445505556771082 0.14088411675932244 0.15847634721497783
1 0.36212743948084336 0.054600721324829155 0.1416539183440353 0.10920144264965831
2 0.45843949828745456 0.2931314753118503 0.07519012439548756 0.1853722756141597
2 0.18776338532496692 0.16107397382081234 0.07815212958680745 0.18972263633940856
0 0.3975801428544476 0.7156024295737433 0.09330647760149147 0.13265708043451452
3 0.2470695898410401 0.04033653087651995 0.11061579216853556 0.0806730617530399
3 0.20924329088263258 0.05045121088795945 0.05388366362183378 0.1009024217759189
3 0.15884218005046663 0.27415657585885056 0.0554607157549899 0.09689503185989023
3 0.4302489569119955 0.4029373887741743 0.05396098867746457 0.09909850555700245
3 0.4556486836206399 0.13394631560034112 0.10246212921555792 0.08440636963378106
3 0.48287950840501564 0.17244916699162452 0.049460118722947866 0.10570896242218591
3 0.13042019000486024 0.318538089881992 0.21400068435812697 0.13807625898253692
3 0.5992503045003075 0.5423146526717068 0.540426612003805 0.2980711636767548
3 0.6141404051187255 0.8687922708014801 0.19619384328412992 0.12073182424760232
3 0.6034676058890627 0.8944991372983387 0.036230522343386196 0.06423846849356218
3 0.7607576669386049 0.9720079641609949 0.028037933614220356 0.05598407167801023
3 0.7788534652222041 0.9498626915048014 0.054154038068168986 0.05531136459331576
3 0.33604150501178487 0.7367913559794177 0.04600037511519145 0.04553693521943636
3 0.44125421917417507 0.7856032564045099 0.058653957706973625 0.04870045045719973
3 0.4517734603268868 0.8215072646963524 0.027307057805695756 0.05994469443728878
3 0.32163858772803045 0.7570751041433577 0.04065311692655982 0.07514269941501917
