0 0.2332418888098931 0.6254307649325155 0.08191075766317799 0.08757051127809878
0 0.27182798041600675 0.5787040409041395 0.0796937914855056 0.08622408052807573
0 0.31135800210576453 0.532828508746004 0.08692319148921313 0.09339593967708937
0 0.40704426672349847 0.48208873649633666 0.09473045584394751 0.10369952489060869
0 0.4535639826284882 0.4164976370191895 0.09538513519224678 0.10298443331137686
0 0.4804608848941337 0.30546065952167634 0.08405020230908444 0.09276312255219593
0 0.9453796471448097 0.425312560302072 0.10924070571038047 0.12010285415890098
0 0.828852592921078 0.5779954181750846 0.10352072960804093 0.1129316321295506
0 0.533427214932153 0.957399043287383 0.10853316343407599 0.08520191342523398
3 0.224439805770488 0.6643262754283061 0.21019610906085628 0.19607224450314598
3 0.42407028138014163 0.84781271885479 0.11007239941765878 0.10578537988965153
3 0.45708082904979086 0.8712293747869472 0.2572319850461686 0.25754125042610565
3 0.5840971523391911 0.7562237951435302 0.19886117617769394 0.185850933743965
3 0.6025649208342545 0.5283116082949557 0.23725913415413108 0.30206628114986345
3 0.8549913679104121 0.38822199074129293 0.26718067482062957 0.34471353138049565
3 0.786190196283012 0.3678088623898133 0.10662154588650308 0.10202083670025275
3 0.8856592265779104 0.45056727774417304 0.11352325294881405 0.10954992307905065
3 0.9918003977285613 0.37372011822806217 0.016399204542877355 0.13854357680143586
3 0.5867238857038882 0.1862042701408093 0.2101961090608564 0.19607224450314598
3 0.27689620560545336 0.3768682702010242 0.44643344155105374 0.5820708760444366
3 0.44730648929332173 0.46462441391948345 0.24830644058979817 0.22978562839085603
