0 0.5954679948357323 0.4202562758665883 0.0570077891855898 0.07353219173108938
0 0.6336961918805246 0.5162915786768955 0.05344223309863916 0.0720737517172359
0 0.6133799415908512 0.4711976064835711 0.05615633359327499 0.07154626611841858
0 0.6371402665129392 0.6182569610269433 0.06335757147450649 0.08377080357409172
0 0.7254402580978817 0.7348572755744673 0.057237648610611425 0.07635458672222584
0 0.6632202280874337 0.6813750028289294 0.06103420659857661 0.08063708979376805
1 0.08473142807843867 0.2714267404279476 0.09931347668572016 0.11048709057948605
0 0.3166867147966549 0.5833360969289698 0.07373327061462726 0.10111314597500332
0 0.4768450118764905 0.9555909387675167 0.0705583087939553 0.08881812246496668
0 0.3314331570768996 0.142217863052943 0.3688307443608399 0.284435726105886
3 0.5175408395192954 0.044362027399788395 0.05915086041273088 0.08872405479957679
3 0.7343113138857283 0.5424834200523211 0.24968063836341226 0.5594936137246529
3 0.7679150615053807 0.8659990003901386 0.16774955688848625 0.14667080610236838
3 0.2506679058408368 0.2506553368516313 0.05836902996596352 0.11556680620826171
3 0.25328136751688857 0.30028003820021854 0.049736784806383494 0.05200183129520625
3 0.36497179104116517 0.5218393061992084 0.1600638183699581 0.3481870564986927
3 0.4169865272280513 0.5263171801649948 0.0829780889611787 0.07924443639464851
3 0.5723124343733633 0.40519474392796906 0.16441450214076753 0.14803526164143394
3 0.5430543550935326 0.7287153531845929 0.16330904725038747 0.36261301943367974
3 0.4291190734667678 0.6943659775583928 0.1509336076779495 0.13487976977072458
3 0.42660911348091535 0.8672089966255709 0.08337770620777901 0.16018111907343868
3 0.40418467521308815 0.766796539325947 0.08822571359680687 0.10977113546931028
0 0.5084394899409508 0.8908271696553638 0.16503545639385037 0.14719829170118548
3 0.7279406889608597 0.5871917173922863 0.2092791396850796 0.46983315493682193
3 0.6375106600574758 0.6603585296236191 0.18983397337060348 0.16389213367320732
3 0.35102451705781457 0.626768393724068 0.0936746158696033 0.08362042337919584
3 0.5781413255098774 0.9381063270092078 0.13816097936504979 0.12378734598158425
3 0.6154190767623167 0.9705378570517091 0.08530145383710852 0.05892428589658172
3 0.2105091591437982 0.425038349543976 0.16231755810034043 0.3420142803558197
