1 0.055556 0.434322 0.066667 0.148305
1 0.718056 0.811441 0.113889 0.105932
1 0.866667 0.468220 0.083333 0.182203
0 0.240278 0.108051 0.063889 0.114407
0 0.443056 0.110169 0.063889 0.101695
0 0.647222 0.112288 0.061111 0.105932
0 0.847222 0.110169 0.061111 0.093220
2 0.079167 0.190678 0.030556 0.101695
2 0.894444 0.192797 0.033333 0.105932
0 0.922222 0.951271 0.061111 0.088983
3 0.477778 0.341102 0.822222 0.038136
3 0.076389 0.302966 0.025000 0.148305
3 0.081944 0.099576 0.025000 0.105932
3 0.077778 0.673729 0.022222 0.347458
3 0.337500 0.855932 0.669444 0.033898
3 0.834722 0.853814 0.136111 0.038136
3 0.844444 0.718220 0.022222 0.250000
3 0.866667 0.610169 0.072222 0.025424
3 0.890278 0.584746 0.025000 0.093220
3 0.891667 0.084746 0.027778 0.118644
