2 0.7751088365670263 0.5489519994862924 0.13188622199747635 0.22070640324575663
2 0.5566429051977946 0.14392658118421026 0.0682926113233433 0.10671371772437657
0 0.443945661755322 0.3341258895010448 0.07809404299580897 0.12189017754243109
0 0.3568963261980865 0.5198820927848662 0.07580062821148925 0.11785395301939378
0 0.2524329768956969 0.6711727248088672 0.07580062821148925 0.11785395301939383
0 0.17314888623979707 0.8066369492117847 0.07840784143178758 0.12140570742471857
0 0.7270688804583427 0.21081882102436128 0.3328427077614281 0.42163764204872256
1 0.8534028766075038 0.41929954653620827 0.09060211369678917 0.148049711802831
3 0.5917804207749908 0.8058413478902715 0.30588317644725904 0.3883173042194571
3 0.6278380179084599 0.6168630685446945 0.1388923524683674 0.1946822441831575
3 0.39681504412976115 0.9638459551761295 0.15912118237451633 0.07230808964774105
3 0.5589378095550831 0.8287694016231079 0.260425462822127 0.3424611967537843
3 0.48610056350279507 0.7889870960010377 0.16694185227040476 0.23471768210982102
3 0.5130092965725022 0.15967473865182413 0.17160345331151383 0.2957885894215073
3 0.6340606960141598 0.14197557526806032 0.05400492131869039 0.09089795195006353
3 0.4985839798680286 0.376334275527773 0.18275787422537038 0.31645600520720296
3 0.5102146559166604 0.4494666182944366 0.07111305174316779 0.10234785892217235
3 0.4206465936489572 0.39547869101643296 0.07403309363443805 0.10541382211831868
3 0.4127946682117596 0.6819613815854434 0.2011065135913943 0.34874812640562824
3 0.4050676242020284 0.5246365339633643 0.1281518163444385 0.1809628408238328
3 0.2950707349835077 0.5717160306422202 0.08246764536492235 0.13788023979603514
3 0.3023776093987491 0.6890836904911053 0.14087262936244146 0.19920410133097066
3 0.223356371014869 0.8492238988013975 0.18734536433974258 0.30155220239720504
3 0.2738205989206273 0.8614301620926933 0.06621242373854974 0.09475987999381008
3 0.21156903818949943 0.7837866040249869 0.07079991385292211 0.10283349154694821
3 0.19404702297509444 0.7169516653359322 0.06641308132895102 0.10962550562771012
3 0.10444190524402294 0.8705800625995813 0.09362272682451162 0.15854881808879373
