2 0.3025402581275838 0.19938145280133077 0.1606244608811937 0.10302447569697021
2 0.8549407223710838 0.04146394216499885 0.15315650490396227 0.0829278843299977
0 0.3138865625068803 0.7267934508118782 0.05955714262106038 0.08364786670735458
0 0.47830014115178904 0.6841695994980672 0.06767061659041607 0.09621022805790358
0 0.6207268460776514 0.6206209350264935 0.06425896623439387 0.09521223780148924
0 0.7631916156252686 0.6008319517352723 0.06425896623439376 0.09521223780148924
0 0.8795168737443269 0.569539548635045 0.06490362149958029 0.10049577580964952
1 0.21100203700909445 0.8827330490897213 0.07070479953874581 0.14804172217395073
3 0.1977832057801672 0.5282195787696058 0.11359020881821419 0.6343602910620038
3 0.1893043826775808 0.2270345879501589 0.09921082400003073 0.08505950132315476
3 0.5768735312278389 0.11639678555238342 0.4226935875389608 0.17459107390573259
3 0.4456326677326695 0.28610341389708727 0.05141062085445841 0.2595675922058724
3 0.7957660639822246 0.17273771297772536 0.0621023562108034 0.29326115773449163
3 0.606329343542307 0.14060886876588788 0.37447173302998965 0.1299190406773773
3 0.6257620730342238 0.28538968560417 0.06403608222385837 0.3091098065225922
3 0.35454511156850677 0.7559351089015054 0.2358744155084826 0.09956494660621584
3 0.2520723236763551 0.6545963947728035 0.06740354862417458 0.04009416880830008
3 0.45198891122710194 0.5988515057528885 0.2557007648888728 0.10027062019432087
3 0.47187144294640776 0.5301136913649783 0.034651622110896674 0.12221230850293852
3 0.5210430853085621 0.6579874927527974 0.03252904250274258 0.13177942902646467
3 0.6410421648166281 0.43959189579120855 0.2829959329734319 0.10825511712481439
3 0.5846354841367949 0.5709923873227625 0.051600337176494815 0.23415112771564572
3 0.6900641207148812 0.638637823362435 0.10004409307781126 0.06492530478330838
3 0.7309286584705772 0.5391413078669798 0.05759024891950648 0.2562803221501306
3 0.8614134846409185 0.4790849141142557 0.2625250482191076 0.10226688814673929
3 0.8219105922352923 0.430455339285129 0.030595316489687607 0.11593078023836406
3 0.8401473954305687 0.5509630013253581 0.03741959981992249 0.11792704819078248
3 0.8274115346197175 0.6203468080740253 0.07616155796746449 0.05793908554881899
3 0.9495772447104354 0.5845631613803439 0.10084551057912927 0.06563126581100331
