0 0.8804605828683021 0.9702628583135738 0.04921226092737685 0.05947428337285232
0 0.8264540605626198 0.9059322208459964 0.044569213209039615 0.08947162178830514
0 0.057748483565650655 0.6242888457915565 0.06104083230416324 0.11025205192564191
0 0.21123486218338125 0.6809164171626861 0.06148469321665667 0.11404423460491775
0 0.48283022317560853 0.34686299737979237 0.05684164549831916 0.10864860249406993
0 0.5600683830453181 0.3803178737723449 0.055953923673332295 0.10106423713551838
0 0.16396806060828428 0.250857098152513 0.05429819118290369 0.10405469509900822
1 0.6153540124999506 0.5638560031193212 0.06814260690405793 0.17092697479405466
3 0.08162550024490058 0.26101232257163204 0.12322379776528694 0.07603427587293465
3 0.23256842454721569 0.32063035190625144 0.11946847187193627 0.0782230091206384
3 0.22128855074478357 0.15246010827374748 0.0663881363421916 0.30492021654749496
3 0.10763361282749515 0.06691848003791198 0.12487953025571547 0.07304381790944486
3 0.08664517330471647 0.16190649010274136 0.03733285295191552 0.19901105931269053
3 0.10977251356797352 0.8377305763981266 0.21954502713594704 0.1297475902889862
3 0.22408585555758292 0.8522116300881825 0.03297908577603914 0.11040482753273362
3 0.24577495565958912 0.6762779546103594 0.028899610129740072 0.1269605667817547
3 0.6811999673989255 0.4978817376590744 0.16698915272309311 0.10723675372522101
3 0.7574342900245665 0.3150433134072369 0.07325037410779689 0.4373313275403253
3 0.909950959522061 0.16806591807061416 0.18009808095587798 0.10329179543885347
3 0.9961333572476276 0.22481461919768858 0.007733285504744614 0.08210332373913942
3 0.5774316227314071 0.7098220384547196 0.04306817560384257 0.17946584047548397
3 0.6448137134764649 0.6682033401263955 0.15427188114601587 0.08426721674991211
3 0.8228717852774492 0.7678877479344801 0.24455146234575098 0.11874025875790484
3 0.9116890968484535 0.8925559244100054 0.06029379472682872 0.21488815117998916
3 0.6940998406211938 0.7999297000456014 0.04996539709513448 0.27266597965050265
3 0.617960357301012 0.8976284354719724 0.1463183468221253 0.08485287415631226
3 0.632297399267527 0.9508186807217102 0.03431066851351949 0.09836263855657967
3 0.5450301196649858 0.9772997471977343 0.025553275938395403 0.04540050560453146
