0 0.458984 0.590625 0.058594 0.093750
0 0.130859 0.150000 0.066406 0.075000
0 0.136719 0.412500 0.054688 0.087500
0 0.761719 0.568750 0.062500 0.125000
1 0.875000 0.440625 0.109375 0.131250
3 0.171875 0.696875 0.156250 0.043750
3 0.105469 0.518750 0.031250 0.337500
3 0.105469 0.065625 0.031250 0.118750
3 0.177734 0.012500 0.199219 0.012500
3 0.267578 0.059375 0.019531 0.106250
3 0.287109 0.071875 0.042969 0.031250
3 0.300781 0.050000 0.023438 0.087500
3 0.195312 0.200000 0.210938 0.037500
3 0.191406 0.140625 0.023438 0.106250
3 0.197266 0.328125 0.027344 0.243750
3 0.183594 0.437500 0.023438 0.150000
3 0.339844 0.409375 0.281250 0.031250
3 0.339844 0.446875 0.304688 0.043750
3 0.384766 0.025000 0.191406 0.037500
3 0.488281 0.234375 0.031250 0.456250
3 0.494141 0.600000 0.019531 0.312500
3 0.447266 0.743750 0.089844 0.037500
3 0.423828 0.675000 0.019531 0.137500
3 0.611328 0.846875 0.230469 0.206250
3 0.560547 0.112500 0.089844 0.212500
3 0.671875 0.278125 0.312500 0.256250
3 0.804688 0.475000 0.070312 0.162500
3 0.736328 0.740625 0.089844 0.256250
3 0.910156 0.453125 0.179688 0.243750
