1 0.5479836021909534 0.3576264810082306 0.122137726093072 0.1192479609165667
1 0.3327338249052654 0.5041314690535716 0.15350982827431586 0.08138676943846479
1 0.1658035368485815 0.4739049058770867 0.15605859240075837 0.08184828173073211
1 0.03974381829448592 0.4430650029777683 0.07948763658897184 0.07994946931555641
1 0.775102513331408 0.5316479625161113 0.15802575116704232 0.08722807341340005
0 0.9277432773928653 0.3996892364763919 0.14451344521426945 0.34808331076098414
0 0.5546386976680242 0.2316718709677975 0.08763525442522702 0.1615659194928023
3 0.47783799871885413 0.4491385324096555 0.06680033708438854 0.11760072162030383
3 0.5765013762352982 0.47656475706309626 0.21240988382017834 0.06023292249343648
3 0.6671547545551285 0.5073210642540522 0.058050851407507986 0.07414955008947705
3 0.68502367402276 0.5401957446195496 0.06714271461572563 0.033928964604521106
