2 0.5809168733745886 0.5640102269403511 0.11849055035873668 0.09285461431965458
1 0.7985447964092788 0.6861588353060291 0.11287636708537385 0.14027152719498492
0 0.7203465262072274 0.5111451148621108 0.06595828267065129 0.10156515961742074
0 0.6714412500040099 0.36865857118444456 0.0703329158722823 0.12077784073439451
0 0.14008551585793377 0.15675314951336933 0.06441524118517339 0.11555378970090882
2 0.33750286467801677 0.6364501530820429 0.04993179916580737 0.17410572945569047
2 0.11232176954457243 0.5552087845514463 0.050915615875744835 0.16865237873510203
1 0.24084038066597435 0.48347599740839864 0.11062102767332183 0.13647535953869455
1 0.20100063064750462 0.7732848221452588 0.10977339051493917 0.1303093387037183
3 0.7410948579528358 0.5988106312103707 0.04328674752122019 0.11315721697148617
3 0.516677323886805 0.5471005748715573 0.46784342768668885 0.226055173464266
3 0.1057639880977718 0.3853719663514155 0.20188231239723636 0.11951091981971096
3 0.2911736238821465 0.7629440283866286 0.09200458103204351 0.07669909079191206
3 0.1250173473919239 0.7014529602052244 0.09186826755140681 0.08831748809864848
3 0.3218212424252354 0.7505239741511769 0.04708526234783206 0.10296572879311672
3 0.09480953374321785 0.6685693408554296 0.04074383604607262 0.09465915446655693
3 0.3521248400360086 0.5300845887432506 0.04581373964571733 0.09371621041623801
3 0.12807141460859028 0.4476587807477252 0.045389988031066864 0.090633687123164
3 0.7677277404533536 0.3980547220211306 0.049660146453362475 0.19734290366722895
3 0.7211504397402224 0.4351256896201522 0.07255641658303336 0.04869587027033023
3 0.6126804106286992 0.3961110024974721 0.06889324098822991 0.047268581543897736
3 0.5954505611620591 0.3179364999407007 0.03443424844561449 0.1622307182603518
