1 0.8996408351615983 0.19617076429378164 0.1080768371813896 0.17966338923714303
1 0.20686149192241485 0.4123399065149074 0.1333825921936132 0.18193669908431648
1 0.20017941267695685 0.8235421259918693 0.13399055895808581 0.2218840405895064
0 0.8564507565571211 0.6222127335626181 0.09393766300387496 0.14867679473492723
0 0.6837948922853093 0.7844449547711558 0.08951860402326584 0.13789928544051488
0 0.5099619038819978 0.939088450610003 0.08863625915864681 0.12182309877999409
0 0.9643206207438166 0.42183646068950975 0.061258163706191526 0.11093609297320711
2 0.013264161946875576 0.4589396660248195 0.026528323893751152 0.12487464121452779
2 0.5740778355444667 0.6167417088919067 0.7103548206698237 0.6974310799744018
0 0.9276413119021898 0.3243891240862098 0.07275065091878086 0.1459587919751109
3 0.9823128128811033 0.501321038112718 0.03537437423779344 0.11003404360096575
3 0.7975757419495844 0.08372536197720881 0.1396267469182596 0.16745072395441762
3 0.5140387633146503 0.17595695096603914 0.579353067449123 0.3519139019320783
3 0.09321944617609207 0.4707867362282711 0.1286550346803229 0.14243324158790605
3 0.1321133211018658 0.5936104335108594 0.10574752648621086 0.22993088357714697
3 0.1508338334417078 0.7031946852404113 0.07006949589238923 0.07997567338658995
3 0.1396536859050225 0.7438478851182078 0.0536015112124521 0.09925653430655357
