3 0.115622 0.245546 0.033539 0.041203
3 0.080759 0.315702 0.048544 0.041203
3 0.115622 0.379733 0.033539 0.042316
3 0.084289 0.452673 0.039718 0.034521
3 0.260812 0.468263 0.037952 0.036748
4 0.263019 0.576837 0.038835 0.071269
4 0.379082 0.718263 0.067961 0.071269
3 0.498676 0.727728 0.044131 0.045657
3 0.538835 0.798998 0.030891 0.065702
3 0.596646 0.778396 0.040600 0.051225
3 0.630185 0.848552 0.040600 0.051225
3 0.640777 0.486080 0.044131 0.043430
3 0.695057 0.316258 0.041483 0.051225
3 0.761695 0.323497 0.030009 0.047884
1 0.793469 0.211581 0.044131 0.075724
1 0.722860 0.435412 0.045896 0.066815
3 0.692851 0.548998 0.042365 0.035635
4 0.753751 0.776726 0.060018 0.063474
4 0.838923 0.863586 0.053839 0.061247
