0 0.8751572784749504 0.9379365330577729 0.07197156077505784 0.12412693388445428
0 0.7818382136860254 0.7136008639899236 0.07370391720548619 0.13228268088081674
0 0.4561670913380005 0.63470201402106 0.06943850796261775 0.12373699801016635
0 0.4110397412784634 0.5166431685894027 0.06597379510176127 0.11916192219422145
0 0.4377386641240537 0.31334008388629875 0.09968926366190978 0.1665957495004038
0 0.6327618171683811 0.9298621758682475 0.08524779949572159 0.14027564826350503
0 0.5590130191648933 0.9993045641448516 0.19675894469859317 0.001390871710296837
1 0.9231967353677891 0.7459834888125869 0.15360652926442175 0.4062907099969548
3 0.8355989839620027 0.570590823090399 0.059437850559320715 0.09305220005330184
3 0.7544120406327465 0.6753956192103314 0.06430005349280177 0.09510267214914758
3 0.364333143763874 0.28303536102469545 0.11830726936372982 0.2683802873870559
3 0.2399905418849629 0.32719415307826083 0.2096856891492192 0.29290776208009633
3 0.06672145767223808 0.24390629207609335 0.1291086231490387 0.30303569239862566
3 0.020241185848158982 0.0787291160450811 0.040482371696317965 0.10772423265435915
3 0.5199306534711046 0.25042157736619236 0.09188679271324907 0.13735695487814514
3 0.4543857719366707 0.20013407227413516 0.10331285518048838 0.24129723544049897
3 0.3586936303224152 0.04954961843617914 0.15777172010777413 0.09909923687235828
3 0.4663961346361182 0.06838922189270544 0.13266220371713167 0.13677844378541087
3 0.5591924420888124 0.08863708998055952 0.09997969616609526 0.17727417996111905
3 0.5725131146630943 0.023047140376418584 0.06463491985060554 0.04609428075283717
3 0.6463913320592156 0.08343308062437862 0.0373834939323453 0.062473262856352185
