0 0.179924 0.439252 0.049242 0.130841
0 0.261364 0.572430 0.060606 0.144860
0 0.260417 0.252336 0.058712 0.140187
0 0.446023 0.245327 0.051136 0.135514
0 0.519886 0.252336 0.058712 0.140187
0 0.704545 0.254673 0.060606 0.144860
0 0.705492 0.574766 0.058712 0.149533
3 0.076705 0.383178 0.073864 0.046729
3 0.064394 0.640187 0.125000 0.065421
3 0.116477 0.198598 0.024621 0.387850
3 0.117424 0.539720 0.015152 0.313084
3 0.129735 0.560748 0.013258 0.168224
3 0.139205 0.504673 0.039773 0.037383
3 0.216856 0.331776 0.013258 0.654206
3 0.485795 0.640187 0.422348 0.065421
3 0.350379 0.317757 0.151515 0.056075
3 0.362689 0.471963 0.017045 0.317757
3 0.481061 0.567757 0.242424 0.023364
3 0.482955 0.280374 0.018939 0.551402
3 0.611742 0.317757 0.140152 0.046729
3 0.603220 0.474299 0.017045 0.331776
3 0.750000 0.315421 0.018939 0.621495
3 0.803030 0.637850 0.155303 0.051402
