0 0.38673742199841676 0.7082563411063197 0.10594174249393656 0.11395665095780694
0 0.5171771838803856 0.7505770640958194 0.10367098509878803 0.10685293485978142
0 0.9604191953184893 0.5092744715425749 0.07916160936302141 0.10558934301469264
1 0.6028302860277522 0.9271949656472649 0.139463589368799 0.1456100687054701
3 0.2298917422773991 0.03382601653235928 0.18887822712615987 0.06765203306471856
3 0.03996855762203663 0.6531707766446422 0.07993711524407326 0.08012488121162287
3 0.6347450384677116 0.15759167467498603 0.16408065916378456 0.08825248691251353
3 0.971384772950638 0.27991824763779605 0.05723045409872407 0.07416601210904372
3 0.8660138019505969 0.7304733923148972 0.16832608675141691 0.4079650922674699
3 0.6935356735873668 0.8744372013548478 0.24414884827773498 0.10149637622681085
3 0.6472265207258916 0.9993130026660001 0.20889488430579695 0.0013739946679998116
