2 0.47952176873507185 0.3534853320361764 0.07631613760898726 0.19611087778398634
1 0.4011689352836597 0.04503806406041186 0.09954765471205607 0.09007612812082372
0 0.36829230304504923 0.20239098734702698 0.06832439690880504 0.12103886632559613
0 0.33235632277223115 0.35543055047281913 0.07932033189849252 0.13203659961840902
0 0.6644647727860589 0.629596314943482 0.1020945635510585 0.11477113075729817
2 0.7665501954913614 0.9598365619850935 0.09950323133217165 0.08032687602981314
2 0.6533176145419355 0.8521536539128671 0.09704389589380713 0.19493778670067197
1 0.812958612617115 0.7246608273193376 0.09364734742382264 0.192225228082764
1 0.39620530436272805 0.12055530923664945 0.06893375843799315 0.09050431624137928
3 0.5115615098185566 0.44873672534543607 0.22849154355163753 0.740855271385491
3 0.6915748921236096 0.9644190125662444 0.10997822296046367 0.07116197486751119
3 0.7521236028414445 0.6121275343779178 0.061640762691086204 0.15336959962319585
3 0.8267312122703702 0.8695263822989834 0.06762810671563924 0.15593508801189893
3 0.7273022611415669 0.5794129090322451 0.0645574916522954 0.09365656446772774
3 0.8301930081703093 0.929806712024152 0.058744113028039724 0.0823666403876554
3 0.6058733725162697 0.676388701138352 0.059462400615159616 0.08958751224487771
3 0.706706915812448 0.9895284454146455 0.05776439471232653 0.020943109170709073
3 0.28621847722082683 0.21014477881413002 0.11406968019214109 0.11990362861387827
3 0.3324100950854606 0.24855918892463122 0.04250208425116758 0.11814333377803704
3 0.38164034500657357 0.41589341787421047 0.040890578420335943 0.11242407608381144
3 0.3559589414137325 0.48719095382158917 0.09225274086935786 0.08918567600803379
