0 0.3329542868669955 0.7597482657239555 0.11977939773915802 0.14189235350768903
0 0.30911103643466115 0.592891406830567 0.11761182951803673 0.12672354815374454
1 0.4394682469932746 0.3990129238106188 0.16774713868645375 0.12941060136296928
0 0.7115712134504486 0.3444485205185852 0.1016559285370714 0.1456257215010437
0 0.8145519992016464 0.3276991031807328 0.10057206097505067 0.13804073482448143
3 0.3400302383856405 0.32533229230992633 0.0870845054411915 0.3047793430280173
3 0.19089748556173544 0.22650877829249458 0.301014091959471 0.10456434666712239
3 0.2532151970961629 0.6626128082177819 0.30209795952149165 0.11214933334368471
3 0.6028298975291695 0.41306464867966375 0.18045177078719699 0.08775580398434357
3 0.6246869487215294 0.15122392029036819 0.2850581909785056 0.1234665200144216
3 0.5145116355220011 0.10011862911292166 0.0806823372915399 0.20023725822584332
3 0.5606125854741602 0.1961484379417037 0.12166506046542003 0.3922968758834074
3 0.5561368289906041 0.29369905708317856 0.07309576506615534 0.2504041230295258
3 0.5182640892434 0.3051947877878748 0.08481640070635782 0.24538793887233545
