2 0.4241656047886362 0.5637864860507174 0.09799478001649226 0.07887955464864171
2 0.24157131195436293 0.5186316263641342 0.08735333027365388 0.08978511351681473
2 0.8138931792003448 0.5464425165745124 0.04215527374539785 0.16551613736952941
2 0.6293528456521131 0.47889917045755886 0.045830590998205856 0.16315038149997474
1 0.7094995328180012 0.6119160642953341 0.09410456445041815 0.11788470519204952
1 0.7352072696826312 0.3468811529745218 0.09245915683180672 0.12097172875658141
3 0.12301339434213734 0.6619154874497183 0.07197652965655604 0.4221122220840346
3 0.1644298331984677 0.4912217083894221 0.08735333027365388 0.08978511351681473
3 0.3348446682275612 0.5320489619061413 0.11017522035295674 0.0832075099316204
3 0.5642372297984809 0.6135567499090707 0.2165054205500601 0.12833210726814825
3 0.27177388907551703 0.781835577013889 0.0528128488935064 0.2904671495939578
3 0.41277561745093727 0.8536333443420092 0.04249359781947781 0.24641214265442413
3 0.3108219950228446 0.6970883578608431 0.05788652384184573 0.04994160517980617
3 0.40173463942439586 0.7234740789636439 0.055472112192063716 0.04541204622531958
3 0.8597980356137223 0.7166029888214678 0.24986234334721613 0.12916948253046456
3 0.7481364253081222 0.9608999719718561 0.043308779792154084 0.07820005605628788
3 0.755249712596451 0.9398170612168196 0.0501513873206445 0.05086482565940598
3 0.8313762365352478 0.9668663453440429 0.051412292923670444 0.04396951083536493
3 0.9200667202948098 0.9819767415652597 0.07857110473068196 0.03604651686948057
3 0.6143348181402641 0.5859919534323332 0.038525052702084506 0.09079284756929895
3 0.8016730828225784 0.6466396356121307 0.03660264182488426 0.07175237380303734
3 0.9668349364952207 0.8019743018380201 0.030404431634013296 0.08790742767627491
3 0.6597347291813791 0.3654307366822128 0.07122047022506617 0.0656944342413125
3 0.7994219513763648 0.41900830926879074 0.07604929352462997 0.07475355215028562
