1 0.8932863078889225 0.4937965165611693 0.10057775469474062 0.10290398836336712
1 0.8088307055672063 0.42986716691601995 0.09928805933386475 0.10446193786858582
1 0.7250189844731525 0.36905596527874374 0.09928805933386475 0.10446193786858582
1 0.3288281558946204 0.42086238499894946 0.0831735093994338 0.11770949778906098
1 0.2282544239336557 0.34523821726972637 0.08446320476030977 0.11615154828384244
1 0.24016729843214976 0.5950818141540901 0.07608136594710474 0.10757556827353953
1 0.2843365974443595 0.5105054514083991 0.07285816552426136 0.10523691339004276
1 0.18537482028232188 0.4360508683986894 0.08123929516245587 0.11381237884481565
1 0.13991589743580715 0.5276430126520288 0.07930456636994804 0.10991422315703625
0 0.7788266804284047 0.8480872938839328 0.06382930880753523 0.07873416137247147
0 0.9946779135910797 0.37843591348287164 0.010644172817840691 0.10601519426051725
