2 0.828194 0.263000 0.171806 0.114000
0 0.214758 0.179000 0.077093 0.066000
0 0.127753 0.839000 0.057269 0.054000
0 0.039648 0.800000 0.048458 0.048000
0 0.332599 0.817000 0.074890 0.058000
1 0.411894 0.629000 0.088106 0.114000
1 0.568282 0.274000 0.092511 0.124000
3 0.082599 0.273000 0.160793 0.018000
3 0.167401 0.243000 0.022026 0.082000
3 0.350220 0.344000 0.378855 0.144000
3 0.090308 0.080000 0.176211 0.020000
3 0.170705 0.115000 0.028634 0.086000
3 0.092511 0.705000 0.180617 0.018000
3 0.081498 0.735000 0.158590 0.018000
3 0.169604 0.848000 0.030837 0.304000
3 0.269824 0.749000 0.240088 0.018000
