1 0.058824 0.111196 0.023529 0.078221
1 0.057190 0.630368 0.024183 0.079755
0 0.097386 0.040644 0.026144 0.041411
0 0.163725 0.047546 0.020261 0.049080
0 0.218301 0.032975 0.016993 0.056748
0 0.273529 0.048313 0.018954 0.056748
0 0.316993 0.049080 0.018301 0.058282
1 0.411111 0.144939 0.023529 0.081288
0 0.446732 0.050613 0.018954 0.061350
0 0.583660 0.048313 0.019608 0.056748
0 0.447712 0.228528 0.018301 0.058282
0 0.504575 0.232362 0.020915 0.062883
0 0.561438 0.231595 0.022222 0.067485
0 0.617647 0.228528 0.020915 0.061350
1 0.582026 0.534509 0.034641 0.062883
0 0.699020 0.037577 0.020261 0.056748
0 0.727451 0.037577 0.019608 0.053681
1 0.756209 0.108129 0.022222 0.078221
0 0.755229 0.240031 0.021569 0.047546
0 0.754575 0.289110 0.021569 0.041411
0 0.843791 0.232362 0.014379 0.038344
0 0.754248 0.435583 0.022222 0.049080
0 0.759150 0.558282 0.020261 0.061350
0 0.865686 0.256135 0.016340 0.049080
0 0.866667 0.657209 0.019608 0.056748
0 0.970588 0.638804 0.026144 0.056748
0 0.920915 0.242331 0.022222 0.046012
1 0.940850 0.113497 0.026797 0.076687
1 0.636928 0.697853 0.020261 0.070552
1 0.637255 0.609663 0.023529 0.078221
1 0.635948 0.791411 0.022222 0.085890
1 0.623529 0.384969 0.023529 0.085890
1 0.397386 0.374233 0.020915 0.073620
0 0.799673 0.480061 0.020261 0.042945
0 0.810458 0.514571 0.014379 0.053681
0 0.825163 0.519939 0.015033 0.049080
0 0.838235 0.511503 0.015033 0.047546
0 0.852941 0.514571 0.015686 0.047546
0 0.867320 0.491564 0.018301 0.050613
