0 0.17908166251429183 0.673159589085019 0.12029060167875742 0.14702176993210003
0 0.6521199199075113 0.47199856625447323 0.13810156269814278 0.1742592407907177
0 0.8053879103830759 0.27447816247119516 0.21213462810334727 0.220993959827323
3 0.4699722671863691 0.8553472068600405 0.42976040807047977 0.289305586279919
3 0.5624392602285995 0.27207142288148145 0.8194245158256612 0.5441428457629629
3 0.15866988238384083 0.3089981670587009 0.16181109697906423 0.4001173955600522
3 0.23707679875723028 0.6612976239053993 0.1270321227671341 0.3740159284301841
3 0.13783825365898672 0.8153332624977512 0.11125441686390702 0.20707241903256113
3 0.24973079959363387 0.8466545333825213 0.2337515840376534 0.11616197077965618
3 0.6615640415016995 0.7162163750232595 0.22521047220557933 0.40104067263101106
3 0.7067442956062615 0.3293093414230609 0.12729308473098977 0.22667523531455108
3 0.5544202956474664 0.26660223593258603 0.8283735644370729 0.5332044718651721
