1 0.8346024474745892 0.27493515186453976 0.12455507511129282 0.21475734915447908
1 0.09285145200155182 0.6479268619085724 0.12284148337387202 0.21157817971361004
1 0.26949515121722933 0.6596552742425426 0.08980534326117223 0.15197613442652136
0 0.4060833039267202 0.45024102399565524 0.08933022925509576 0.15278347190018837
0 0.5428292228736128 0.23473844817423237 0.08948873311881789 0.15251460528440625
0 0.6785598420880729 0.047813517478596745 0.08387170868906879 0.09562703495719349
0 0.19167883828300283 0.8887323743161282 0.0668643444150609 0.1178586913077253
2 0.521249200567905 0.567208278567773 0.5714514020842173 0.8655834428644539
3 0.9010280491394594 0.44924066255396355 0.07854367160483133 0.14065282350433467
3 0.8902196980299809 0.381311746341608 0.06067189821448027 0.09792582817382439
3 0.8977229982724544 0.33458623091400674 0.05315481534551514 0.09242386052813184
3 0.7821252658862582 0.11692985449067539 0.0687364400162036 0.12076899413281217
3 0.7015800928660453 0.01579961305693081 0.07153040320633686 0.03159922611386162
