2 0.4168962339754567 0.49837763684060465 0.09178952848072058 0.14134297159673137
2 0.2611452745372198 0.3139813676979118 0.08649003618088974 0.14047500260968104
2 0.7747054013146385 0.788672296375772 0.07103235207513237 0.15866150793745204
2 0.6221828346753293 0.5824152754481067 0.07319850587941401 0.16000304264880483
1 0.6652885194486053 0.7661550148773293 0.09824763355772481 0.1670688040917443
1 0.7477749734106245 0.5456459585063959 0.09776404121209081 0.1679763543095718
3 0.1215023569219548 0.351006169499094 0.15472778690123629 0.3746526038346363
3 0.19720386708184554 0.22851069729871767 0.08649003618088963 0.140475002609681
3 0.3428594577681966 0.39941245686632865 0.10188571163795918 0.15483856978988175
3 0.5329994898649665 0.6535732058985939 0.19178173214578104 0.2781107881096846
3 0.2298434725669973 0.5767329472377856 0.1089146476090293 0.26057947983611107
3 0.3418762405229028 0.7526636369980887 0.09067830298993512 0.21910923843148322
3 0.2842161610218811 0.5304317916771923 0.055023355503654725 0.08598164011813708
3 0.3608926716279858 0.6257865613955467 0.05214182493199343 0.0805759200419488
3 0.7784255115457028 0.9129082500887788 0.21678999841445523 0.1741834998224422
3 0.5846474013686984 0.6678803928741184 0.050418092732152586 0.1000269748556547
3 0.7412496532873303 0.8700721398188799 0.04442355649864027 0.08424461352596802
3 0.6750939199368877 0.5032249357034019 0.06871644599993465 0.1089471437523109
3 0.7899985160449401 0.6615763255030462 0.07447950714325746 0.11975858390468741
