1 0.293694545122034 0.22139193220207587 0.11035625915664396 0.1525079553386247
1 0.08082005983337967 0.5097496495849723 0.10789590718775993 0.1479269331819132
2 0.18787216905596377 0.36442594761335956 0.06558139026276211 0.09385809635292613
0 0.4214464459324252 0.05716167357054092 0.07500032215640878 0.09727078286561698
0 0.3271891104970359 0.41921172060758016 0.06291005228581237 0.08182224841004432
0 0.4682282428621164 0.5395196088348323 0.06045014314485658 0.0772420507713596
0 0.6050162312420069 0.6628357645299636 0.0664950566661906 0.08496590574013263
0 0.7484106348309518 0.7885769966476329 0.06649505666619049 0.08496590574013263
1 0.6382659789954838 0.9630884218252362 0.10431172732540839 0.07382315634952741
0 0.4577877412955773 0.15640777812222542 0.070080061046569 0.08810956307022073
0 0.5260044327104956 0.042254561435115606 0.07858532653678701 0.08450912287023121
0 0.6627919782624578 0.15761888298553675 0.07746067412529278 0.10185180502232864
0 0.8611891499874391 0.3282222949393766 0.08217033091716519 0.10355809752579337
0 0.7923046087938259 0.45648102111097916 0.07500032215640873 0.09727078286561708
0 0.7177947463984942 0.2024810628217074 0.07500032215640884 0.09727078286561708
