1 0.8820060891541501 0.7934781797846246 0.10704213197013046 0.18829692297032863
1 0.3216451228524735 0.03854306219420339 0.12294365726665119 0.07708612438840678
1 0.6255546060375694 0.8650560252357864 0.08965894754894266 0.15108192343493487
0 0.4842273217945758 0.6649168481147469 0.08861365997030524 0.1528575711869683
0 0.3393285756865303 0.4653703747073466 0.0889622138221337 0.1522659460752539
0 0.19719614375289832 0.26689683458623714 0.08308025920458789 0.14405239242044027
0 0.7700624104344034 0.951803119671824 0.06508815875079199 0.09639376065635208
2 0.5441760634662967 0.452870511507485 0.5967609424856692 0.8430220492912047
3 0.9346574784857853 0.6270458919862891 0.11632297950295534 0.2271392239602288
3 0.23692992230697493 0.07963646799789714 0.06704855281767724 0.1227440840577837
3 0.16116744856974008 0.2361173160806467 0.06887876579417265 0.13177036293044325
