1 0.37903941082577225 0.006074879134687571 0.08896149822624866 0.012149758269375142
1 0.5297061227494267 0.3731173942346232 0.08253158908153774 0.12190547387277123
1 0.7841298831431417 0.8534562079525786 0.08579403913187589 0.13598165307603982
0 0.6065181324812994 0.5278647607933653 0.131357745652255 0.19356534314548102
0 0.6772796545149012 0.7249443596637856 0.13361865142272977 0.19647172103869992
3 0.6169131900356835 0.9439465936161046 0.12859623792033226 0.11210681276779089
3 0.5749163119982381 0.923496248953404 0.054349512391530075 0.08864242636919739
3 0.6792697174633635 0.8365660934198672 0.05470079240294068 0.08810565222663302
3 0.5223423662871564 0.2781691894945773 0.07454570978584418 0.10867509689251867
3 0.7956899369733097 0.9326535595581174 0.14968658876841756 0.1346928808837652
3 0.8438057637489811 0.850581656994425 0.1169419572118503 0.17108102277551374
