1 0.23188567420797132 0.39589110160201624 0.22486636094424034 0.20937269441696316
2 0.6549900194980005 0.33542747354124036 0.21186972026240403 0.12311696020379348
0 0.42950109740270115 0.5383226256261237 0.15164374333356556 0.15108223307056345
0 0.5936921785240483 0.6638170709450085 0.1325229262493408 0.1592325231527172
3 0.24592598496483586 0.45291670468345036 0.2810691069520377 0.10968712860951896
3 0.658957933726442 0.32560488260746795 0.6316006666654838 0.1851776694050894
3 0.4133524727648328 0.7204084909863268 0.07150814177060738 0.24949435489772243
3 0.47813464233197034 0.6320907211745732 0.12746226218490575 0.058120660429328286
3 0.7463868121717803 0.6648009971771104 0.05161310577528211 0.2074873022849908
3 0.6773327860901025 0.580133758389141 0.11406456322299507 0.05924125147395376
