0 0.04293287473857896 0.36344806211228975 0.08586574947715792 0.12154117887783622
0 0.1315108983818798 0.2986799114770498 0.10171884421398691 0.11853967037960886
1 0.30047747762358185 0.3478729099260117 0.13277713298346647 0.16608498731431515
0 0.4101968434381532 0.5616676438340862 0.10318515600946693 0.11205612942801813
0 0.4554070157696356 0.6442121111421966 0.10482910285272112 0.11505763792624535
0 0.5937185166399491 0.8900044869254476 0.10318515600946698 0.11205612942801801
0 0.7092195051112006 0.3398066071938814 0.06980247281648366 0.08164132309289107
0 0.8129597150729212 0.33052681493380887 0.09514305684097013 0.10653363638669927
3 0.34055734492541023 0.49176834139020453 0.10078769071406751 0.153481502439881
3 0.3816989942678138 0.3850352705566297 0.19500921142133576 0.15451170746669596
3 0.6297154730798303 0.2518988391425562 0.31503293667904336 0.233186526849182
3 0.47998950486187264 0.3691723536601192 0.07526861918270461 0.11910355431433384
3 0.541335731388737 0.47781102953179855 0.09153045256747255 0.13963358984678959
3 0.4965127893544981 0.5643530580362308 0.24551312998392472 0.1948110175273129
3 0.4960047419093631 0.7856861417481452 0.13634769279133974 0.21535381808179177
3 0.5946713520510877 0.7199977707333256 0.19543848618420356 0.14918864887225258
3 0.6901395050404371 0.6585703888768075 0.11022171144933468 0.17681387910086988
3 0.699013622472181 0.8734607591678236 0.25873909495866787 0.19452966094187119
3 0.664452609854064 0.8373011264372721 0.0701586767074559 0.10061312691073132
3 0.7146318178296638 0.9019763685896369 0.05371827447949007 0.07059633701025358
3 0.8754953196513641 0.4203181415751105 0.24900936069727186 0.5700251317142904
3 0.8415056960806468 0.1704859392238221 0.11026414147634911 0.09444482779612152
3 0.31329499728757426 0.23993794382267608 0.2008004539359361 0.15287070115441237
3 0.36001391144155115 0.12317995804807161 0.11393973235781313 0.17749442288480216
