2 0.129227 0.106965 0.031401 0.059701
2 0.833333 0.109453 0.024155 0.059701
1 0.107488 0.251244 0.050725 0.084577
1 0.682367 0.471393 0.103865 0.062189
1 0.859903 0.577114 0.057971 0.094527
1 0.861111 0.699005 0.060386 0.094527
1 0.858696 0.822139 0.055556 0.101990
1 0.812802 0.268657 0.065217 0.099502
0 0.266908 0.060945 0.055556 0.057214
0 0.443237 0.058458 0.055556 0.052239
0 0.619565 0.062189 0.055556 0.059701
0 0.794686 0.062189 0.053140 0.054726
3 0.475845 0.192786 0.700483 0.032338
3 0.129227 0.390547 0.031401 0.203980
3 0.324879 0.496269 0.644928 0.022388
3 0.833333 0.055970 0.028986 0.082090
3 0.832126 0.181592 0.021739 0.089552
3 0.791063 0.415423 0.021739 0.149254
3 0.792271 0.498756 0.130435 0.037313
3 0.812802 0.354478 0.089372 0.027363
3 0.832126 0.338308 0.026570 0.054726
