2 0.1962915454803255 0.762536663518369 0.18228036506920253 0.12740797019074035
0 0.8155205674400204 0.7967217725150176 0.08324556948178796 0.0719577419854851
0 0.8376076724130345 0.1323131041243813 0.06232588121638538 0.058406087679839375
0 0.9291800424813703 0.16405191925560536 0.05296268382565161 0.051719072597582905
0 0.6357240784698963 0.1707500030621832 0.08026856619612166 0.06381166848212771
1 0.5751363772458877 0.3644029918227876 0.09891130757359046 0.12065631686975509
1 0.45409964467323805 0.7306143773724234 0.1042772827821028 0.13097210668857306
3 0.9285004817114573 0.6924328459219995 0.14299903657708557 0.030899183122606977
3 0.8564286119446813 0.7291547745933801 0.02996172711122702 0.08345250454824638
3 0.664450701170466 0.6433011987443047 0.39144588795405205 0.17399094263189985
3 0.9302145274932457 0.8852915865684103 0.13957094501350853 0.03413496694452067
3 0.8656610957630048 0.8569151906269628 0.036934956533027696 0.08796972265012815
3 0.8858207840239081 0.26294048689706767 0.18166396207546853 0.03249828438228697
3 0.8938550629981761 0.2321707415817466 0.15972405491351094 0.030721478316560025
3 0.7950415946440412 0.13968366694712905 0.0604581959043633 0.2793673338942581
3 0.7049039385145839 0.2334173969985842 0.2408998189251882 0.03729550749641258
