2 0.9967847379792276 0.4191523691032236 0.006430524041544872 0.06109324995971194
2 0.6135529434089588 0.9895671888871057 0.0611753195527488 0.020865622225788583
1 0.9251650891905685 0.31680048448464204 0.09629429001008771 0.09176876942806711
1 0.4161735275959003 0.6692294292195349 0.10963807606849346 0.12315720608060254
1 0.2292257894468444 0.7560548061334256 0.10836859944506039 0.1036342365506786
1 0.13239014443203204 0.6859574711207881 0.10977744223861202 0.10565426378022169
1 0.046555260851451896 0.612104545944582 0.09311052170290379 0.10596791274485262
1 0.49997183138199675 0.8966022674302665 0.11651931003875277 0.11259742918139781
0 0.9717397871592088 0.561162437157029 0.05652042568158244 0.07984685894606602
0 0.8813418063436828 0.7101037097804771 0.07360877216908501 0.07694458445417363
0 0.7755345291812348 0.8554167403676795 0.07949377609946351 0.08129770450613338
0 0.6733738836948732 0.9818547262119698 0.07416075109287457 0.03629054757606043
3 0.756379685382254 0.6590155164590379 0.434145785373552 0.6047842203270188
3 0.802620037016478 0.25371863946306994 0.17918995235462187 0.14526154371161343
3 0.6051031474515507 0.35569656480246986 0.3938893697217314 0.5525106805617629
3 0.5573637069266675 0.9635570931049096 0.08330827509820482 0.0704256984642534
3 0.3969048238724314 0.7927995372516172 0.13039303851973466 0.10525415911047376
3 0.33047845003793713 0.7451958504517191 0.10551948078686302 0.1308697320253489
3 0.4322879768779748 0.846536719858673 0.07371728863986676 0.09071802853774735
3 0.43376758310554797 0.8721334048091561 0.05866056350502019 0.05415008455853543
