0 0.695255 0.631148 0.083942 0.098361
0 0.184307 0.424180 0.083942 0.094262
0 0.169708 0.141393 0.098540 0.086066
0 0.372263 0.243852 0.080292 0.077869
0 0.629562 0.325820 0.062044 0.077869
0 0.698905 0.272541 0.062044 0.077869
0 0.562044 0.321721 0.058394 0.077869
0 0.500000 0.325820 0.058394 0.069672
0 0.434307 0.325820 0.058394 0.077869
3 0.135036 0.569672 0.029197 0.401639
3 0.239051 0.747951 0.244526 0.028689
3 0.627737 0.772541 0.029197 0.094262
3 0.718978 0.797131 0.218978 0.028689
3 0.751825 0.639344 0.029197 0.352459
3 0.737226 0.243852 0.021898 0.479508
3 0.759124 0.350410 0.036496 0.258197
3 0.492701 0.469262 0.496350 0.028689
3 0.510949 0.430328 0.452555 0.024590
3 0.275547 0.344262 0.018248 0.286885
3 0.275547 0.196721 0.324818 0.040984
3 0.264599 0.137295 0.032847 0.118852
3 0.135036 0.057377 0.036496 0.106557
3 0.795620 0.102459 0.102190 0.040984
3 0.812044 0.231557 0.127737 0.028689
3 0.386861 0.049180 0.029197 0.090164
