0 0.3566876154227956 0.30156571577878416 0.10890540069118315 0.12473818738307652
0 0.7733448314542024 0.6928843385917705 0.1076526235163272 0.12088816210684816
0 0.7006289056336809 0.9523566084816579 0.11885899269350753 0.09528678303668414
0 0.5416917079591581 0.7898199622689279 0.09921413401019263 0.10408415039440533
0 0.3250730170394985 0.6136663971457437 0.08207452404663684 0.09705127927218882
0 0.24365827738869372 0.6369840701521243 0.08207452404663695 0.09705127927218904
0 0.3872371724336557 0.6435381997361873 0.07864622635006857 0.09564455088573076
0 0.44676537489231505 0.6636002445995244 0.07614097763030914 0.08794543959291701
0 0.508468158613044 0.6889186577205106 0.07864622635006852 0.09564455088573076
3 0.8640898063527584 0.5752188662246664 0.1501764722424952 0.38849597458942764
3 0.8208801168795321 0.36768069138522813 0.2384416211428273 0.12118797206683019
3 0.4633184838504083 0.19478275440508735 0.05623285436601749 0.09978916333516175
3 0.385134935302313 0.1365216187701699 0.21444541578613524 0.1113416441716974
3 0.30605864051400855 0.2720651807806979 0.1351455911838435 0.3423031853518308
3 0.19889669090911652 0.6491613836094893 0.1671199148718348 0.4588221123541721
3 0.21089609971600776 0.5406361550731644 0.11319195674493732 0.25657976426110163
3 0.49746120265686017 0.5316840342711985 0.4749697414553239 0.21824221020147538
3 0.46842219612686403 0.5612202980854726 0.4325820882198631 0.1975133713129354
3 0.6632214471011392 0.7327837351216051 0.10482025885561108 0.27649237377426916
3 0.6181284982952318 0.8713630420940386 0.3176143766548496 0.16368111063801127
3 0.610249147314788 0.9313988999820417 0.06717659259191155 0.12429228634041845
3 0.7075171098919623 0.999660834487778 0.06684623076417395 0.0006783310244439233
3 0.10083562746328156 0.7594607805442943 0.10850888087632782 0.07787915797488221
3 0.12486544268230404 0.6318743468317566 0.12874642670871417 0.07617690315557835
3 0.4684828016000634 0.9595356670378096 0.05498038282111389 0.08092866592438086
