1 0.37034604585705394 0.11528758552380766 0.1590692652174558 0.1327535949731094
0 0.6558349730663136 0.5529692238819197 0.10874806626141875 0.11464773566087716
0 0.7667749795997232 0.7944932598472836 0.10692619995576924 0.10935532487529631
0 0.5672214856617777 0.2511411134533752 0.09655018631965073 0.10970686782274391
3 0.5410568731841356 0.3326008793333117 0.17200780689905004 0.42038851816693085
3 0.7101626411839832 0.6138867304833924 0.14146708528635732 0.0755212550318558
3 0.6242212522896511 0.1300522697556182 0.06262683357661969 0.1392357542044657
3 0.6180446911176265 0.19286252794004705 0.07010029450639121 0.05116877535510697
3 0.636350146067073 0.07060786187010445 0.36012317285253787 0.1412157237402089
3 0.7245766392523982 0.42561777567826153 0.13521298272741344 0.34399502368391266
3 0.7690751085434515 0.9021152706512436 0.06539141395427417 0.12896945783582459
3 0.8235661402930523 0.7172126074830918 0.24302041635125626 0.11437917904911055
3 0.9450309933443739 0.7149269946952068 0.1099380133112523 0.3234940826629299
3 0.9890826332748002 0.7767066748824762 0.021834733450399546 0.06500348515845522
3 0.9287713251989009 0.5585065730125175 0.07071782709394825 0.0468635918933884
3 0.961219739720238 0.5679780973138433 0.04108787028967298 0.06446822004544872
3 0.9422899285743704 0.593738081554761 0.0594312301257246 0.044569945655953735
