0 0.3236577510589014 0.1560587246257488 0.07262774158346291 0.14849794186409454
0 0.496066366057305 0.8360990111206457 0.07859462118935945 0.1637980174335657
0 0.1452674561708406 0.32541629147172335 0.07649098796718908 0.16259778722994833
0 0.569349711017194 0.3240478642740099 0.0627976155938399 0.11909802092876959
0 0.4037954078804936 0.32460501322191 0.0591781273210622 0.1209978439162106
0 0.4553209369953208 0.3540029594271801 0.057075457300916566 0.11979816326854725
0 0.5047428328879775 0.38220067542883257 0.056145585472788695 0.12719836394439832
0 0.35390960500328095 0.2915070346336561 0.054971824078746234 0.11859793306492986
0 0.8701421451436002 0.9547414858549116 0.08177258560296463 0.09051702829017683
0 0.8783536103327257 0.5513334461687269 0.13997375407618384 0.2582953895736178
2 0.3841610002407255 0.5266049980301917 0.3811430300201067 0.24918275063021278
3 0.07709150654768906 0.49276799631824497 0.089007091944247 0.5385000680828282
3 0.1286930338709038 0.7956649162426743 0.20062178987328372 0.13429049640224455
3 0.4396273730997471 0.9174512231826056 0.03594656874574503 0.13549931099191936
3 0.5459767413738832 0.8096985115798523 0.07619470943022744 0.3806029768402953
3 0.6029991737536968 0.3432466015283021 0.10094085115604012 0.5691002192217707
3 0.39284193727567124 0.47130472042051685 0.3538025405460653 0.2335836048748648
3 0.23156496089031167 0.2495124929121367 0.07409203941008186 0.4150003113473128
3 0.2618375530198395 0.06860315795213534 0.2561325101547943 0.13720631590427068
3 0.2614692877718283 0.03535595450549611 0.046265174159289185 0.07071190901099222
3 0.9416196031153947 0.861889944789376 0.08700499257185468 0.27622011042124817
