1 0.2718379437953647 0.03828038729097022 0.10903250958680685 0.07656077458194044
0 0.38437901042083866 0.20814627554567158 0.06877888765690265 0.08632221907073173
0 0.5123308060236412 0.23879186256402996 0.06385740922357569 0.08514348144632444
0 0.4810740287720303 0.48022697738429954 0.06183904360826725 0.08783502261616166
0 0.4678138935042112 0.5786516248184697 0.06095503459041279 0.08127337945388358
0 0.43488455758912725 0.8230728326133256 0.06139703909933997 0.08455420103502276
0 0.305702207831779 0.7921325169884144 0.06966289667475734 0.09288386223300982
0 0.8445867903730402 0.22354291423893566 0.0589366689751043 0.08396492062372068
3 0.8296823136593552 0.09540681912959523 0.05170041893569077 0.19081363825919045
3 0.7474988203240126 0.61689919236751 0.1347385759637525 0.76620161526498
3 0.5774481147268982 0.1985077221543574 0.4533867935738196 0.1308148512462347
3 0.5897655503265915 0.06991669245364901 0.4690344997067996 0.13983338490729802
3 0.4868977055667496 0.0202937777063239 0.0316192972894897 0.0405875554126478
3 0.4703611714963251 0.3523537871506215 0.042418324248217454 0.1911321466076435
3 0.40518443395794146 0.35537015254335763 0.12833510946145893 0.06883688516942266
3 0.31898313692037544 0.49559174393263034 0.09911375906116549 0.5412567094571926
3 0.2623764762676896 0.8969029304090528 0.05181927660594432 0.19020880027531917
3 0.3673269343975565 0.6646513901882788 0.13886968023178375 0.05866017770317966
3 0.422499141649949 0.6981857353542339 0.05112618633256194 0.2027426293867698
3 0.4930185683098095 0.8911834116263797 0.43168325241005845 0.12879161872024592
3 0.3978809417638989 0.008801704674664956 0.050433834244035636 0.017603409349329913
