0 0.461513 0.281434 0.020571 0.034078
0 0.387525 0.309636 0.019907 0.036428
0 0.300265 0.424794 0.017916 0.034078
0 0.324818 0.425969 0.019244 0.038778
0 0.348042 0.555817 0.021898 0.030552
0 0.349038 0.586369 0.021234 0.030552
0 0.231254 0.551116 0.017916 0.037603
0 0.183477 0.550529 0.016589 0.036428
0 0.135700 0.550529 0.017916 0.036428
0 0.087923 0.552291 0.016589 0.037603
0 0.087259 0.369565 0.017916 0.043478
0 0.067352 0.221504 0.015262 0.029377
0 0.087259 0.434783 0.017916 0.037603
0 0.134373 0.373090 0.017916 0.036428
0 0.153948 0.371915 0.017253 0.043478
0 0.202389 0.372503 0.017253 0.039953
0 0.202721 0.434195 0.016589 0.038778
0 0.351029 0.760282 0.014599 0.042303
0 0.348374 0.680964 0.019907 0.031727
1 0.539814 0.320212 0.020571 0.055229
1 0.249171 0.794360 0.017916 0.051704
1 0.248839 0.849589 0.018580 0.051704
1 0.249171 0.903643 0.019244 0.056404
0 0.442269 0.820212 0.016589 0.037603
0 0.528202 0.813749 0.018580 0.041128
1 0.057067 0.494712 0.019907 0.054054
1 0.620770 0.867215 0.028534 0.058754
1 0.685136 0.860752 0.031188 0.050529
1 0.850365 0.921857 0.020571 0.052879
1 0.502986 0.476498 0.023889 0.052879
0 0.485733 0.555817 0.018580 0.028202
0 0.066357 0.405405 0.017253 0.037603
1 0.348706 0.473561 0.019244 0.051704
1 0.235899 0.649824 0.023225 0.051704
1 0.561712 0.775558 0.028534 0.049354
2 0.276377 0.235018 0.052422 0.023502
2 0.348706 0.236193 0.052422 0.025852
