1 0.129880 0.396129 0.043544 0.067097
0 0.374625 0.340645 0.043544 0.038710
0 0.499249 0.329032 0.040541 0.046452
0 0.628378 0.344516 0.040541 0.051613
0 0.727477 0.340645 0.043544 0.043871
1 0.943694 0.423226 0.049550 0.064516
1 0.122372 0.834839 0.040541 0.064516
1 0.911411 0.612903 0.042042 0.056774
0 0.612613 0.135484 0.033033 0.033548
0 0.975225 0.064516 0.037538 0.041290
0 0.403153 0.136129 0.031532 0.024516
0 0.436186 0.139355 0.031532 0.033548
0 0.467718 0.141290 0.031532 0.040000
0 0.519520 0.161290 0.039039 0.038710
0 0.559309 0.158710 0.037538 0.036129
0 0.969219 0.309032 0.046547 0.042581
