0 0.42647077765913455 0.614465619970497 0.057475775548454955 0.0780478245230829
0 0.36877183228882143 0.53813935321731 0.055271006793812694 0.07453975324446283
0 0.39812335870376836 0.5730286640676294 0.05622444616363448 0.07649393372236746
0 0.3429696017723097 0.44218286958149056 0.0647842554483874 0.08763687038165902
0 0.2329295801263106 0.3663331744511751 0.05882549853928354 0.07946712670089279
0 0.30413604820680235 0.3924018539670713 0.06238122819497394 0.08439614931675005
1 0.9468994241779589 0.5514336128087947 0.09233290678102013 0.12826477083644366
0 0.6565961023925505 0.34682666819029817 0.07699745235146138 0.10357332751785253
0 0.42071582297521704 0.05235324838034716 0.07334332908976288 0.09877889352490077
0 0.7421671788255375 0.7835730070089473 0.2961972388551175 0.43019967061697095
3 0.5860170591238398 0.951330052445108 0.0737775368623459 0.09495384347441038
3 0.26693795403833864 0.5535423571099838 0.3568221658802247 0.44566618808725733
3 0.16342502963912942 0.2581985471889043 0.13827582252798318 0.1991794837024946
3 0.7930772545836708 0.6379021126569637 0.07667574360961649 0.09752583325969655
3 0.7796250054808883 0.5915782463489233 0.04476666350814651 0.06277918515046221
3 0.6240802910487477 0.42492467904224496 0.22410663144785714 0.28111776222060053
3 0.5734365268487351 0.44153885509229074 0.07136113982758008 0.10145199161129226
3 0.4519015123013987 0.6195446900324211 0.13742127903101153 0.19709145024506192
3 0.40839750808092234 0.2989510255513147 0.2319107931084885 0.2900388124429311
3 0.524748481238507 0.2859861584643991 0.12570326162179457 0.1804862618292455
3 0.48898008335247023 0.11997636443942772 0.10735878433986684 0.13716820153566056
3 0.5325587197035303 0.2068279364171971 0.08716721938077199 0.11902600619886528
0 0.40564703705664285 0.1302924020246703 0.1373223831581613 0.19722530322458987
3 0.2631477819093623 0.508303884097967 0.2994700739513791 0.3739333859087143
3 0.3333198019836152 0.40214003375566465 0.155555810958455 0.22448855845579452
3 0.6142260323805622 0.31915464718819986 0.07797567946804218 0.11197638331982501
3 0.30928134173904387 0.07520305923856582 0.19292891349059166 0.15040611847713165
3 0.2833308732326991 0.0859655178184166 0.0737641670809934 0.10469271267620106
3 0.34120927809685936 0.0213364361403863 0.07241444409016473 0.0426728722807726
3 0.7929096272595155 0.4553025890393374 0.2223601225691797 0.2802326026995077
