0 0.22522525303029992 0.525996080904129 0.1459939074808207 0.17294659696401649
0 0.314203885413687 0.39360013818604195 0.13790494090051278 0.16091060217146314
1 0.5230843357564493 0.37920076844760797 0.1745015262464336 0.19322207604771946
0 0.7389899269284824 0.58282510211466 0.1347982531382288 0.1645915240764424
0 0.8182497044090005 0.6624929711295193 0.13075345842255015 0.15857306329390286
3 0.5030364446847078 0.24230420960230126 0.1932959874050747 0.2682403994543022
3 0.4656273960506183 0.08651921937099394 0.2579529047447296 0.17303843874198788
3 0.23306913972847848 0.39082331568162343 0.2619976994604084 0.26251979763387606
3 0.6232803328379348 0.5326918844716384 0.16547507556378027 0.17148762534017292
3 0.802469940013352 0.3772181080185858 0.2548462169824457 0.2601822587563158
3 0.7935200525552222 0.21145858931515082 0.1882160578580705 0.263449429181281
3 0.7663417665099752 0.313648493069167 0.3035324824960819 0.42949930203051734
3 0.6671541194594606 0.4118347066602959 0.15990436340146796 0.2213229840210812
3 0.6346508239850799 0.38609686971133833 0.16602005063084724 0.22488739055711016
