1 0.190000 0.883333 0.060000 0.133333
0 0.305000 0.703333 0.055000 0.080000
0 0.305000 0.530000 0.055000 0.073333
0 0.488750 0.528333 0.057500 0.070000
0 0.563750 0.528333 0.052500 0.070000
0 0.750000 0.528333 0.055000 0.070000
0 0.750000 0.703333 0.060000 0.080000
0 0.235000 0.096667 0.055000 0.066667
3 0.117500 0.145000 0.195000 0.023333
3 0.596250 0.141667 0.692500 0.016667
3 0.263750 0.451667 0.017500 0.610000
3 0.166250 0.458333 0.022500 0.630000
3 0.128750 0.606667 0.067500 0.026667
3 0.396250 0.565000 0.142500 0.023333
3 0.410000 0.650000 0.030000 0.166667
3 0.528750 0.738333 0.407500 0.036667
3 0.835000 0.741667 0.140000 0.036667
3 0.645000 0.645000 0.020000 0.183333
3 0.660000 0.566667 0.150000 0.033333
3 0.790000 0.440000 0.020000 0.580000
3 0.082500 0.738333 0.160000 0.030000
