0 0.09547025750959798 0.5557612764268651 0.08363147611823762 0.13736073194535964
0 0.3767063846275576 0.6666774027723069 0.07595029188345859 0.12859558576827967
1 0.6766176424547932 0.24195035145960947 0.09727415201815348 0.19729544896867457
0 0.7978669286755294 0.5466014566386297 0.0733886230987515 0.12859782351356563
0 0.7146407727069781 0.4735748270013957 0.07253570935285791 0.12567436118451047
3 0.2725581412795326 0.5300862286990944 0.19717526657974882 0.18843032418628447
3 0.16074690913760353 0.489227242622693 0.046919794163063355 0.1300849643023782
3 0.1091461494900782 0.6660949243858936 0.04436601344711927 0.10376856253079714
3 0.43643019235113667 0.5679942634362997 0.22091785389950025 0.7089207917836193
3 0.6040834578329679 0.2967957476510188 0.16217730018512488 0.16068284168454616
3 0.6620859091813929 0.11992509192964645 0.158762717654524 0.15776161710077685
3 0.1091588436287328 0.2978026264040139 0.2183176872574656 0.3141502638092797
