1 0.173077 0.195946 0.073964 0.076577
1 0.468935 0.373874 0.068047 0.072072
1 0.866864 0.490991 0.047337 0.117117
0 0.081361 0.153153 0.038462 0.081081
0 0.102071 0.247748 0.044379 0.081081
3 0.593195 0.416667 0.109467 0.112613
3 0.730769 0.497748 0.112426 0.112613
3 0.792899 0.752252 0.118343 0.090090
3 0.736686 0.750000 0.023669 0.085586
3 0.892012 0.882883 0.103550 0.198198
3 0.945266 0.797297 0.109467 0.207207
3 0.779586 0.581081 0.026627 0.081081
3 0.423077 0.308559 0.065089 0.058559
3 0.931953 0.581081 0.071006 0.225225
3 0.911243 0.430180 0.100592 0.094595
