1 0.3001531595258261 0.3487518826269154 0.1811058911066853 0.2184641319194135
0 0.8459212176377104 0.5840375804003723 0.12602717992506085 0.13977558390761702
0 0.576775993922485 0.3454336673099987 0.13682399859550076 0.14686118067788173
3 0.595288849105687 0.4365811656514291 0.4144565691163676 0.3472170043189576
3 0.8399990393133656 0.43778339538221084 0.3200019213732689 0.3257146023971379
3 0.933504088588204 0.6129890727765535 0.12403760945987663 0.17374964636166745
3 0.9614052526917669 0.422869437573601 0.07718949461646618 0.15810905576490242
3 0.51319945077094 0.1459033761630022 0.22427983449317884 0.2918067523260044
3 0.5555053774016809 0.18158826950213133 0.1344049157792726 0.11777602932874237
3 0.5825001469910273 0.259906091200851 0.06102864545541764 0.07844278578030872
3 0.6744908647815073 0.3206240052184955 0.06829870547441208 0.0894394210622248
3 0.7013722039027785 0.3453032256547931 0.04803007969928308 0.06109251346943706
3 0.6817632377795375 0.3519026249152364 0.06830333143248346 0.06402035243467447
