0 0.39672174895943246 0.956507858893036 0.10312499923050916 0.08698428221392784
0 0.4994702284826731 0.8262845757145245 0.09573512103423193 0.1601491825406146
0 0.537243937523742 0.015784055142287368 0.10639021077113259 0.031568110284574735
0 0.6465636580182113 0.059770208160485644 0.11899315946993816 0.11954041632097129
3 0.7872782493111827 0.04740437835515449 0.1880982774423976 0.09480875671030899
3 0.8152204524970981 0.2617106065025572 0.11353704721440494 0.459144347219953
3 0.6448050536867203 0.38488976191445806 0.2850435141951152 0.2197290907084023
3 0.5679602626795359 0.16884827382215345 0.12528054079818018 0.3376965476443069
3 0.7737953968716531 0.22915413501056417 0.09875729082185036 0.4119859712223574
3 0.4919900319633912 0.12247545187532483 0.12324021276710201 0.12584431549731634
3 0.3347418950160003 0.13324012361805823 0.12442041091325085 0.26648024723611646
3 0.32003020976230645 0.2874028422092473 0.14232013480951283 0.12859635509200418
3 0.3070840798531298 0.34323986740468204 0.04193505328697705 0.11636537867490454
3 0.2715914582629033 0.36636587958638345 0.08244667567969183 0.08093598838024274
3 0.17930366139157392 0.6462694907471996 0.14383603477294843 0.6623854619289185
3 0.6150313599608267 0.7062989239395674 0.18187416698615877 0.5874021521208652
3 0.6601512591868559 0.718136072531002 0.17883756679243012 0.563727854937996
3 0.3533823638640889 0.9523922652260356 0.4876401617154299 0.09521546954792881
