0 0.16420676031672102 0.8286239959260537 0.08557429309595348 0.16412663625382218
0 0.3860757023035031 0.6749944491601932 0.08377298657795834 0.16769417269968945
0 0.6215447467711662 0.6101806817883993 0.0831829982354606 0.16295818555820163
0 0.7980620192134693 0.5201619277942202 0.08108572665914371 0.16415725403190573
3 0.16690412097726498 0.6313573548548987 0.3141048786556129 0.18683782665466764
3 0.22214431209105698 0.7387663191404378 0.044453572716779244 0.2396604784292904
3 0.22327584024750674 0.8751263605245726 0.05523306386865645 0.06479382971209757
3 0.09339738112274529 0.9373318703376932 0.1045510590106194 0.09111577414519212
3 0.14602102505269257 0.5197223020428853 0.04207746315800037 0.22960404159779496
3 0.10900691133447071 0.21750749239402412 0.0270801371547712 0.0821723889979975
3 0.41192023865917105 0.28679823638055035 0.4232214014986855 0.2334835267438209
3 0.3260529214687252 0.5699223862658952 0.06921728975936525 0.44746236276745144
3 0.3562214080035493 0.7611784369012791 0.0334164159529714 0.0519097798807685
3 0.4971550817794217 0.6960821588422466 0.15984680586027822 0.12035860811662857
3 0.5533701461677372 0.4651289279324273 0.07368970000738806 0.4563192567238239
3 0.5894467151707539 0.698717602454014 0.033121421781722504 0.04954178631002448
3 0.3979230194033293 0.16426112300953 0.0477298500910191 0.24793290983714278
3 0.5868007482327389 0.0970917637257275 0.045699225917186004 0.04234452905928471
3 0.5789499580445794 0.15117058244148818 0.026458807321772082 0.09521189972684019
3 0.6092922590699541 0.13508896892942582 0.023166373758745196 0.09582698005344363
3 0.7636928532057639 0.34100698410731306 0.4196187884626956 0.24061859963555535
3 0.7021647309113129 0.24420687821944814 0.04953115660901397 0.2443653733912755
3 0.7398708145891097 0.48579128792226134 0.050416139122760995 0.2514693541035071
3 0.7197747122852995 0.6350358535391444 0.13234642952107345 0.10692118791628213
3 0.9145355222957854 0.5333471788335553 0.17092895540842934 0.1337960283169749
3 0.9602556157893609 0.3253494952327757 0.0459942200884349 0.04471252263002862
3 0.9407374310095628 0.2959490157777651 0.02409885395178013 0.07626795116088914
3 0.9682378073487676 0.2825115955774189 0.023508865609282448 0.07153196401940132
