2 0.6951064529981665 0.6378846754638903 0.20272115726138662 0.2253819779315941
2 0.32373036939655253 0.265539589952332 0.19041029943318 0.21303899836675622
1 0.3475077613393631 0.6440084726145886 0.25266028176278627 0.265492041770397
1 0.6102044557236326 0.33833461381634217 0.24909014212786335 0.2608060113966595
3 0.8514937893079346 0.5053616266359517 0.29701242138413064 0.3701762531353239
3 0.45668999896476825 0.11865143311358767 0.3291914595642653 0.23730286622717534
3 0.526917847768424 0.7249204804063961 0.17842523607331812 0.18331718045357293
3 0.24622149797118453 0.4558623358242469 0.18119515624652238 0.1888607666054981
3 0.21999934339133365 0.38008934687884477 0.12981917374260243 0.14177712654314772
3 0.5854867378994174 0.7547774475772719 0.15390740975786987 0.16703478952494855
3 0.431431007835373 0.15084763750409746 0.12294563429332928 0.1321192138696099
