0 0.83421447923662 0.12935574519252976 0.08959883806069346 0.10294291153835994
0 0.6322888822062087 0.22984087167358055 0.09056218445288333 0.10631174779260305
0 0.41344151086647807 0.28818928273383815 0.09253065663954119 0.10404961551250419
0 0.2507027788182321 0.34961996019948727 0.09546247521838896 0.10515631948664844
0 0.6366172590269932 0.6369251997358911 0.07694809667854086 0.08614673735723466
0 0.912998349583779 0.5923185572099667 0.06521987232472515 0.08171956283979742
0 0.8602395829253953 0.6066341826837227 0.06325045009964236 0.08398133649903627
0 0.5660120192651742 0.725165327316189 0.06526165172700304 0.07271975805121245
0 0.7089379877891062 0.6114917842878771 0.07690631727626285 0.09514654214581963
0 0.8079411930661216 0.6282430913507466 0.06815169090357276 0.08282626681394156
3 0.9379850050898118 0.566089369802565 0.09860059070718519 0.27163153579409444
3 0.8196146519703047 0.24871176243796797 0.24521664900192064 0.11660685508729857
3 0.8613967935403981 0.29825928728284035 0.06102899472662093 0.1402431217249145
3 0.6950367694086171 0.2845389737392827 0.10052728349156514 0.2783692083025806
3 0.6036330266305117 0.4534156051094187 0.37523984299576113 0.15967767521164622
3 0.48150896459835946 0.35581032786786526 0.10149062988375501 0.2817380445568236
3 0.35167268121197204 0.49253637623385166 0.05420201117673534 0.13466087752238265
3 0.2903698135978486 0.44289152854951414 0.40845794394740065 0.1752220482857768
3 0.304802388230495 0.3683915709877047 0.07472664130551943 0.14240852258311287
3 0.28750311755948643 0.296536455559181 0.10447035644873198 0.0634778919111717
3 0.11122470098836015 0.37122501165295674 0.2224494019767203 0.1310441655664248
3 0.724381259467765 0.7838848975993763 0.55123748106447 0.2571292596191157
3 0.42681587317310093 0.7553132043722116 0.11024525625644521 0.2940583198887017
3 0.18873763150384465 0.9798285474941566 0.13869358319483938 0.040342905011686914
3 0.7817898011320872 0.18460465069103443 0.05713382975558301 0.135767581496527
