0 0.081790 0.732270 0.070988 0.081560
0 0.300926 0.709220 0.070988 0.085106
0 0.524691 0.732270 0.074074 0.081560
0 0.695988 0.732270 0.077160 0.081560
0 0.407407 0.320922 0.061728 0.067376
0 0.132716 0.264184 0.049383 0.067376
0 0.186728 0.269504 0.046296 0.070922
0 0.498457 0.262411 0.052469 0.056738
0 0.331790 0.319149 0.058642 0.078014
0 0.242284 0.267730 0.052469 0.067376
3 0.101852 0.280142 0.024691 0.276596
3 0.128086 0.624113 0.250000 0.028369
3 0.101852 0.562057 0.024691 0.138298
3 0.256173 0.634752 0.024691 0.283688
3 0.388889 0.507092 0.388889 0.021277
3 0.478395 0.643617 0.024691 0.287234
3 0.638889 0.560284 0.018519 0.134752
3 0.683642 0.629433 0.422840 0.024823
3 0.649691 0.695035 0.040123 0.134752
3 0.646605 0.769504 0.101852 0.028369
3 0.859568 0.771277 0.280864 0.031915
3 0.328704 0.136525 0.651235 0.024823
3 0.638889 0.283688 0.030864 0.297872
3 0.930556 0.140071 0.138889 0.024823
3 0.146605 0.698582 0.021605 0.134752
