0 0.8402694800491639 0.3230154044487568 0.3194610399016722 0.23071268827279356
0 0.31960368170749953 0.6866901280663633 0.31693842779046927 0.21742524730687673
3 0.8079742480567407 0.4718979107898597 0.38405150388651854 0.3348277503353395
3 0.9635205976194967 0.4684561703609693 0.07295880476100669 0.16655548461690067
3 0.9072932368535884 0.18225967751998096 0.18541352629282315 0.13589737808413482
3 0.17278070429913897 0.6758966644366553 0.34556140859827794 0.28589529545978165
3 0.522222037717666 0.7304628780515514 0.15460460731524894 0.11138404260407464
3 0.6883694832146477 0.7212726777446774 0.5732498432719171 0.3656534367777686
3 0.46632687653186966 0.8070922444760491 0.183146284134857 0.11943365064413225
3 0.33055293977905353 0.8938947373465951 0.1756875314855733 0.11665367534476856
3 0.4265117490539181 0.9001841549806078 0.21518594439616967 0.15680765812501596
