0 0.1985761701774917 0.7128578840804757 0.3333087905742081 0.22770230476919617
0 0.6350855635028247 0.2958459304021661 0.31174721071827916 0.21891118982360186
3 0.21246426048021105 0.5650088077571563 0.4249285209604221 0.29015831675369363
3 0.03636203149413586 0.592337204513467 0.07272406298827172 0.18506604138501204
3 0.16130913364310132 0.8595844650369412 0.19052082940255927 0.1447409792015808
3 0.8186004811403558 0.28474214070778214 0.36279903771928856 0.3218773675429103
3 0.4249667541030837 0.2749208244197479 0.16439810668976973 0.10356599660370922
3 0.26305547216848213 0.30227117516743474 0.4999322069418381 0.4126491111937096
3 0.4624950128403592 0.19311987370672665 0.16577062666077258 0.13025608543531003
3 0.5765396314652756 0.09248832472758406 0.1638456149307217 0.12369043220881748
3 0.48035562716138 0.09683524171581995 0.2329346791454076 0.1430722088747784
