1 0.24680828445406094 0.6502364248168269 0.22971952966566322 0.3001783212715913
2 0.5207675724700331 0.24967530880163233 0.1720655555693381 0.24839303632648707
0 0.4701374291045326 0.5872890088821413 0.16083333057326987 0.2070233887245661
0 0.6596905510440583 0.5401915858390924 0.15683145990929082 0.1935509799879903
3 0.2888872086636872 0.6798814417851868 0.19616338630521984 0.3046114645890916
3 0.5181646667550077 0.2836021500339181 0.404119173933615 0.5672043000678362
3 0.5601435388927078 0.7333397922698162 0.18251348449867988 0.1803986137723661
3 0.5579100926135458 0.6145044876899588 0.09397233163296148 0.14202932914056177
3 0.771303612271639 0.412219734177878 0.1481360817522236 0.14293543164012001
3 0.6737636806890139 0.40883372109565697 0.08842132558714211 0.13045779824503256
