2 0.230226 0.070896 0.132768 0.052239
2 0.862994 0.169154 0.110169 0.084577
2 0.059322 0.068408 0.112994 0.037313
0 0.114407 0.304726 0.048023 0.047264
0 0.175141 0.303483 0.045198 0.049751
0 0.338983 0.159204 0.050847 0.044776
0 0.522599 0.121891 0.050847 0.044776
1 0.234463 0.364428 0.050847 0.062189
1 0.718927 0.171642 0.059322 0.069652
1 0.631356 0.368159 0.059322 0.084577
0 0.234463 0.467662 0.056497 0.039801
0 0.233051 0.509950 0.053672 0.034826
0 0.234463 0.631841 0.056497 0.044776
0 0.237288 0.727612 0.050847 0.042289
0 0.474576 0.803483 0.062147 0.039801
0 0.693503 0.792289 0.053672 0.057214
1 0.925141 0.860697 0.064972 0.079602
1 0.776836 0.738806 0.084746 0.064677
0 0.584746 0.470149 0.056497 0.039801
3 0.490113 0.575871 0.014124 0.350746
3 0.497175 0.761194 0.016949 0.208955
3 0.322034 0.197761 0.033898 0.256219
3 0.274011 0.327114 0.107345 0.012438
3 0.398305 0.060945 0.225989 0.027363
3 0.497175 0.080846 0.028249 0.062189
3 0.494350 0.159204 0.033898 0.054726
3 0.597458 0.207711 0.211864 0.092040
3 0.697740 0.277363 0.096045 0.151741
3 0.875706 0.171642 0.248588 0.119403
3 0.622881 0.674129 0.217514 0.104478
3 0.579096 0.899254 0.146893 0.072139
3 0.677966 0.868159 0.073446 0.114428
3 0.867232 0.753731 0.265537 0.124378
3 0.860169 0.937811 0.093220 0.124378
