1 0.6915237477698806 0.4430279409496568 0.17397811481767855 0.09666441068626758
1 0.3963438030554366 0.40752831217035346 0.1290520158340543 0.11142555619496286
1 0.3322571739339165 0.2949277341612864 0.13003051831668394 0.11314479071607472
1 0.27623732658484923 0.18903009846857427 0.12464541666705448 0.10008021212444371
1 0.626431367742531 0.6748234419545045 0.13735861621606715 0.11521016014861973
0 0.966324588262059 0.7967873571181522 0.06735082347588184 0.08770519274795796
0 0.7528724778930256 0.8646067738877743 0.11437606364182651 0.0856398233154132
3 0.8160467721002937 0.6866110316785209 0.3679064557994126 0.15213652902698294
3 0.8397911843417021 0.37231426784481836 0.22427530673542662 0.08053016556789339
3 0.5451755316153789 0.4573444980690443 0.1636884770499163 0.06056809955040077
3 0.5720977265773246 0.5295509402773457 0.11003235313087945 0.14647851548702884
3 0.5904668265573654 0.5991815401142851 0.10555071321707377 0.04851198024882697
3 0.5633634353343697 0.6287634723873964 0.05426246676263935 0.04849050259503662
3 0.7084172020329346 0.886112664234852 0.0684521057454146 0.07702607361404123
