0 0.36020571367940174 0.09183526163614013 0.07926324462604828 0.16206512090717448
0 0.4637976856938616 0.8279453518645967 0.08612399258441777 0.17805005614886726
0 0.1690044313953023 0.18610991863071666 0.08417699536683809 0.176026936196311
0 0.5849271901947084 0.35538937577293284 0.0674887459268887 0.13211837037634538
0 0.4225560041620591 0.2893281235936642 0.06458478411519059 0.1320526335386452
0 0.4702449552413653 0.3388815937136458 0.06263867837985349 0.13003043992306362
0 0.5159869091030918 0.3864119438810711 0.06267018502650801 0.13596736491362493
0 0.3768308058968008 0.23680667157425553 0.06069168116227386 0.12800731997050746
0 0.8660162136132763 0.7025529431471571 0.14962355423573814 0.28831137679368435
0 0.3838653383996866 0.47947930962293805 0.3563315771223932 0.3938786765962298
2 0.08605574506482794 0.32276049791466643 0.13724363606220658 0.5056994676578734
3 0.10749814118932718 0.6404963661760121 0.18791374273479616 0.21002017580413135
3 0.40063293009674417 0.8849999391285843 0.04620538329671947 0.13361830492875926
3 0.513560108896014 0.8212135147816036 0.11244987326540806 0.3575729704367927
3 0.6160711223358002 0.38775095798105996 0.1509651319789458 0.5376693381412587
3 0.3976985581715061 0.42875280617455896 0.33102685366955553 0.36758460157182193
3 0.2609195920066482 0.17128203600350278 0.11050376753007107 0.34256407200700556
3 0.31034846614787825 0.04882156797615539 0.24152144981033652 0.09764313595231078
3 0.895132200306286 0.9484076433704209 0.11308820030895683 0.10318471325915801
