0 0.4926351367460319 0.25020966968140523 0.09420071692229809 0.17822033538304277
0 0.5124145816209049 0.6884237846650139 0.09434365049998322 0.1811487505945485
0 0.545998602459493 0.9038384550249849 0.045436857913372375 0.19232308995003022
3 0.2645003255104034 0.8044196242090627 0.055545102141719926 0.3911607515818747
3 0.4198980802145004 0.8202768752502674 0.32602493879232075 0.09428321014009644
3 0.3709330890267518 0.4114943136137924 0.07050845808883055 0.8229886272275848
3 0.5227901491151639 0.09145893155140192 0.05499352580413597 0.18291786310280383
3 0.5518987574742448 0.45898551446681674 0.04605531516516037 0.3272249091778169
3 0.4609038411604006 0.39126238558464943 0.1584265493570855 0.06672932799588632
3 0.29960747059953163 0.4325452876461679 0.15015966560677205 0.05955857147509158
