0 0.266282882834236 0.023039623005970955 0.0716194548126805 0.04607924601194191
0 0.2958016329922918 0.18681988881108214 0.0840324640095727 0.2066278100997052
0 0.37649587564967557 0.018098198311608193 0.08136922686210596 0.03619639662321639
0 0.5227686777547869 0.21815150164761782 0.0742826919601472 0.18468640510353496
0 0.5784861334920393 0.3379962200729737 0.08136922686210613 0.2000568395115861
0 0.7216441101794633 0.6257887995127963 0.08403246400957276 0.206627810099705
0 0.6409501219206589 0.8764399329809615 0.08374683598737787 0.20733247147453615
3 0.12522803046250772 0.02839179650719348 0.11395244617517636 0.05678359301438696
3 0.19206924798700534 0.036019564538685905 0.09144358558520088 0.07203912907737181
3 0.19630356645583263 0.02481142969825156 0.0531169747543927 0.04962285939650312
3 0.32237528150783046 0.0977283866391633 0.17675010528274154 0.1954567732783266
3 0.4532783819304283 0.5871334844679426 0.34543057723866044 0.7050004413617159
3 0.4298860785243285 0.13278281962831054 0.13221611476204065 0.2655656392566211
3 0.400239324478985 0.265526368229254 0.09410604425717412 0.2737628802155732
3 0.46801916806683386 0.523417166607784 0.19466491146898135 0.39361970183371153
3 0.5426034276630116 0.302629698444417 0.15501943298090715 0.45858294151850476
3 0.6333507689515229 0.5311782177921398 0.12099268860327794 0.2534246276066125
3 0.5868925383420006 0.6398446814335058 0.09767245794508206 0.2846763281599986
3 0.7415755088242179 0.7434497392775188 0.17285099262328818 0.5131005214449623
3 0.7008325846152426 0.9681695156994967 0.13397617536906603 0.06366096860100667
