0 0.496599 0.348624 0.037415 0.059633
0 0.577381 0.352064 0.039116 0.052752
0 0.538265 0.353211 0.035714 0.059633
0 0.644558 0.399083 0.044218 0.064220
0 0.763605 0.354358 0.040816 0.057339
0 0.698129 0.400229 0.042517 0.061927
1 0.145408 0.870413 0.042517 0.121560
0 0.461735 0.755734 0.056122 0.071101
0 0.910714 0.758028 0.052721 0.066514
0 0.783163 0.756881 0.052721 0.068807
3 0.179422 0.512615 0.022109 0.557339
3 0.210034 0.246560 0.079932 0.029817
3 0.644558 0.247706 0.469388 0.022936
3 0.869048 0.370413 0.020408 0.245413
3 0.215136 0.666284 0.090136 0.020642
3 0.248299 0.688073 0.017007 0.064220
3 0.446429 0.668578 0.287415 0.025229
3 0.475340 0.610092 0.018707 0.114679
3 0.475340 0.368119 0.025510 0.236239
3 0.668367 0.564220 0.302721 0.018349
3 0.589286 0.680046 0.022109 0.217890
3 0.698980 0.769495 0.122449 0.034404
0 0.623299 0.745413 0.052721 0.096330
3 0.755102 0.685780 0.023810 0.238532
3 0.670068 0.277523 0.394558 0.018349
3 0.671769 0.419725 0.020408 0.279817
3 0.506803 0.737385 0.013605 0.135321
3 0.876701 0.672018 0.246599 0.022936
3 0.867347 0.606651 0.020408 0.116972
3 0.872449 0.729358 0.017007 0.119266
3 0.965136 0.790138 0.069728 0.029817
3 0.306973 0.800459 0.277211 0.036697
