2 0.455257 0.229917 0.057420 0.030471
2 0.660701 0.227147 0.061148 0.024931
2 0.404549 0.598338 0.011186 0.124654
2 0.725951 0.629501 0.009694 0.037396
0 0.497017 0.461911 0.018643 0.042936
0 0.549963 0.452909 0.018643 0.049861
0 0.602535 0.462604 0.019389 0.047091
0 0.644295 0.461911 0.019389 0.045706
0 0.435496 0.455679 0.025354 0.038781
0 0.766965 0.391274 0.020134 0.037396
0 0.820656 0.389889 0.018643 0.040166
0 0.744966 0.212604 0.017897 0.034626
1 0.395600 0.510388 0.018643 0.062327
1 0.393363 0.903740 0.020134 0.065097
0 0.767711 0.599723 0.018643 0.044321
0 0.821029 0.601801 0.017897 0.042936
0 0.874720 0.600416 0.019389 0.040166
0 0.928784 0.599723 0.018643 0.038781
1 0.719239 0.704986 0.020134 0.049861
1 0.934377 0.715374 0.025354 0.059557
1 0.948546 0.885042 0.019389 0.058172
1 0.948173 0.952216 0.021626 0.059557
1 0.733408 0.534626 0.020134 0.063712
0 0.744221 0.431440 0.019389 0.037396
0 0.766592 0.459834 0.019389 0.044321
0 0.896346 0.461219 0.019389 0.041551
0 0.896719 0.389889 0.018643 0.040166
0 0.842282 0.386427 0.018643 0.049861
