0 0.184505 0.468997 0.068690 0.051451
0 0.367412 0.722296 0.063898 0.062005
0 0.261182 0.474274 0.046326 0.048813
0 0.283546 0.502639 0.046326 0.047493
0 0.297923 0.536280 0.046326 0.048813
0 0.315495 0.573219 0.039936 0.056728
0 0.542332 0.668206 0.078275 0.059367
0 0.563099 0.580475 0.055911 0.065963
0 0.474441 0.405013 0.060703 0.058047
0 0.428115 0.454485 0.057508 0.038259
0 0.199681 0.230871 0.079872 0.055409
1 0.369808 0.212401 0.110224 0.100264
1 0.483227 0.166887 0.094249 0.106860
0 0.656550 0.474274 0.067093 0.059367
0 0.739617 0.639182 0.086262 0.056728
0 0.849042 0.560686 0.071885 0.068602
0 0.664537 0.749340 0.083067 0.055409
