0 0.8873817761834202 0.3283995729528846 0.07209267704642297 0.10630674534389456
0 0.9615055263354031 0.6679594365389916 0.06846947558420213 0.10876729183937328
0 0.7275148901825803 0.4106366258424161 0.07157898919791028 0.11042026549840772
0 0.5989994458310548 0.4775806602323889 0.06950430926124151 0.10712367910290083
0 0.5443975696039589 0.599974297442865 0.07520870032858273 0.11454264246640722
0 0.21154091637856545 0.5462430742549329 0.07522057158529155 0.12770703697272573
0 0.3485171781715893 0.7041015557805204 0.06898967310116622 0.11123669514833856
0 0.2904134582154162 0.9708785810842047 0.0736534693659473 0.05824283783159068
0 0.1165487599740829 0.3784231318214955 0.07209267704642291 0.1063067453438945
0 0.09625622909499665 0.2779937426060842 0.06690868326467758 0.10135813360091572
0 0.2182750286247241 0.8900459822490239 0.06742888078164178 0.10382753690988056
0 0.11974466617810717 0.844936387731652 0.07676298297965561 0.11536887724138667
