1 0.3675252801940018 0.02111840196316439 0.09385808439251575 0.04223680392632878
1 0.20242213348083044 0.44153519398457397 0.061547691330714444 0.10445975977236627
0 0.36870358738603104 0.9397040544934951 0.06689335812697572 0.11592128431705695
0 0.33129551481959674 0.657915114573779 0.048080732881082444 0.07937909422528144
0 0.31297648508084314 0.5916086508543211 0.04743798203270588 0.07705263172064503
0 0.2753235945151327 0.45837217157372845 0.046693401179704996 0.07830125696220924
0 0.2946574553420896 0.5253021871348631 0.0480807328810825 0.07937909422528155
0 0.4639064510319447 0.3175111808413769 0.06530236641634951 0.12199362254638635
0 0.4261382125455063 0.4217409729363074 0.05021318651646767 0.07920872662013706
0 0.5556191049539785 0.6616674944565707 0.06828068982835334 0.11699912158012915
0 0.5425656338694291 0.8187573391786158 0.06411869472422072 0.11376560979091233
0 0.20897850780142752 0.02794257160770175 0.06817885982372895 0.0558851432154035
0 0.657415581398829 0.9693511549781135 0.06902527068135411 0.061297690043773057
0 0.6438109489241849 0.45326708996565335 0.07457513856787101 0.12006226576420159
0 0.7325644236158968 0.771464185376801 0.07169864516049174 0.12148167898425788
0 0.8227161702442042 0.6067561464700606 0.07501422940699887 0.12953890376123978
0 0.48703179241927863 0.9410272876762191 0.06689335812697572 0.11592128431705684
0 0.5793804761318468 0.22920979549280948 0.06154093237266267 0.17936801683381792
2 0.6849638188563103 0.6205219541588326 0.04685865211793094 0.12228124836455478
