1 0.7838904442495183 0.07984130583406224 0.09041780179854775 0.15968261166812447
1 0.6722856405803898 0.03709891356990497 0.09517966798934907 0.07419782713980994
0 0.3394295791240534 0.07581718361947887 0.06202897883451708 0.10519557170408933
0 0.21369615996136865 0.6063536137521159 0.0674623807136707 0.11666172531383323
0 0.32053590185859726 0.37998867663367275 0.048413941014232575 0.08000910488323282
0 0.339675327775541 0.31433709620474226 0.04774240532588053 0.07770561994872827
0 0.3776029130725318 0.18131989267688203 0.04704031145135984 0.07888299794736964
0 0.3588147536924848 0.24868551577581177 0.048413941014232575 0.08000910488323276
0 0.5617073330010621 0.3379574476772361 0.06602763477846119 0.12249734424426184
0 0.4896504677795166 0.354519077473472 0.0504902001885848 0.07995827301972752
0 0.46024125329264987 0.6743280648902481 0.06883601027654335 0.11778783224969647
0 0.37930134659645276 0.7563874619270801 0.06471512158792547 0.1144095114421072
0 0.36941294355032217 0.9798441338973192 0.06953810415106393 0.04031173220536155
0 0.612307146685376 0.6577139970519731 0.07503315813951361 0.12111532119378077
0 0.5209904977676663 0.9563465235659991 0.07225534082759982 0.08730695286800172
0 0.6540690678332912 0.9610804415460119 0.07564357745552863 0.07783911690797629
0 0.2876928626062758 0.7612006830264624 0.06746238071367078 0.11666172531383334
0 0.675387324370625 0.43257882615012816 0.06346278728700006 0.17824455689956442
2 0.5608409190335218 0.8167361977839664 0.04804714624252471 0.12178052741207812
